1.600000000000000089e+00
2.365000000000000213e+00
2.100000000000000089e+00
1.600000000000000089e+00
2.234999999999999876e+00
2.100000000000000089e+00
2.100000000000000089e+00
2.100000000000000089e+00
2.100000000000000089e+00
2.100000000000000089e+00
2.100000000000000089e+00
1.600000000000000089e+00
2.365000000000000213e+00
2.100000000000000089e+00
1.600000000000000089e+00
2.234999999999999876e+00
2.100000000000000089e+00
1.600000000000000089e+00
1.600000000000000089e+00
1.600000000000000089e+00
2.365000000000000213e+00
2.100000000000000089e+00
1.600000000000000089e+00
2.234999999999999876e+00
2.234999999999999876e+00
2.234999999999999876e+00
2.234999999999999876e+00
1.600000000000000089e+00
1.600000000000000089e+00
2.365000000000000213e+00
2.100000000000000089e+00
1.600000000000000089e+00
2.365000000000000213e+00
2.234999999999999876e+00
2.165000000000000036e+00
2.165000000000000036e+00
1.600000000000000089e+00
2.365000000000000213e+00
2.100000000000000089e+00
1.600000000000000089e+00
2.365000000000000213e+00
1.600000000000000089e+00
2.165000000000000036e+00
1.600000000000000089e+00
2.365000000000000213e+00
2.100000000000000089e+00
1.600000000000000089e+00
2.234999999999999876e+00
2.234999999999999876e+00
2.234999999999999876e+00
1.600000000000000089e+00
2.365000000000000213e+00
2.100000000000000089e+00
1.600000000000000089e+00
2.234999999999999876e+00
2.100000000000000089e+00
1.600000000000000089e+00
1.600000000000000089e+00
1.600000000000000089e+00
2.365000000000000213e+00
2.100000000000000089e+00
1.600000000000000089e+00
2.234999999999999876e+00
2.365000000000000213e+00
2.165000000000000036e+00
2.165000000000000036e+00
1.600000000000000089e+00
2.365000000000000213e+00
2.100000000000000089e+00
1.600000000000000089e+00
2.165000000000000036e+00
1.600000000000000089e+00
2.365000000000000213e+00
2.100000000000000089e+00
1.600000000000000089e+00
2.234999999999999876e+00
2.234999999999999876e+00
2.100000000000000089e+00
1.600000000000000089e+00
1.600000000000000089e+00
1.600000000000000089e+00
2.365000000000000213e+00
2.100000000000000089e+00
1.600000000000000089e+00
2.234999999999999876e+00
2.100000000000000089e+00
2.100000000000000089e+00
2.100000000000000089e+00
2.100000000000000089e+00
2.100000000000000089e+00
2.100000000000000089e+00
1.600000000000000089e+00
2.365000000000000213e+00
2.100000000000000089e+00
1.600000000000000089e+00
2.165000000000000036e+00
1.600000000000000089e+00
2.365000000000000213e+00
2.100000000000000089e+00
1.600000000000000089e+00
