3.006899999999999906e+01 2.630799999999999983e+01 -3.242999999999999883e+00
2.914199999999999946e+01 2.662199999999999989e+01 -4.358999999999999986e+00
2.820100000000000051e+01 2.541600000000000037e+01 -4.434999999999999609e+00
2.821099999999999852e+01 2.461199999999999832e+01 -5.365000000000000213e+00
2.994200000000000017e+01 2.688200000000000145e+01 -5.639000000000000234e+00
2.911700000000000088e+01 2.723400000000000176e+01 -6.834999999999999964e+00
2.967099999999999937e+01 2.626200000000000045e+01 -8.221999999999999531e+00
3.113299999999999912e+01 2.723400000000000176e+01 -8.510999999999999233e+00
2.735099999999999909e+01 2.533099999999999952e+01 -3.420999999999999819e+00
2.644800000000000040e+01 2.421199999999999974e+01 -3.274999999999999911e+00
2.516700000000000159e+01 2.473999999999999844e+01 -2.672000000000000153e+00
2.524800000000000111e+01 2.560000000000000142e+01 -1.832000000000000073e+00
2.701300000000000168e+01 2.322299999999999898e+01 -2.232000000000000206e+00
2.592800000000000082e+01 2.217699999999999960e+01 -1.879000000000000004e+00
2.628000000000000114e+01 2.121799999999999997e+01 -7.520000000000000018e-01
2.742299999999999827e+01 2.132100000000000151e+01 -2.449999999999999956e-01
2.540800000000000125e+01 2.037300000000000111e+01 -3.760000000000000009e-01
2.401800000000000068e+01 2.419699999999999918e+01 -3.037999999999999812e+00
2.277799999999999869e+01 2.463599999999999923e+01 -2.395000000000000018e+00
2.262199999999999989e+01 2.369900000000000162e+01 -1.189000000000000057e+00
2.260200000000000031e+01 2.249899999999999878e+01 -1.366000000000000103e+00
2.158699999999999974e+01 2.448199999999999932e+01 -3.350999999999999979e+00
2.133899999999999864e+01 2.558699999999999974e+01 -4.402000000000000135e+00
2.261199999999999832e+01 2.620200000000000173e+01 -4.919999999999999929e+00
2.041600000000000037e+01 2.501800000000000068e+01 -5.533999999999999808e+00
2.256500000000000128e+01 2.423199999999999932e+01 2.599999999999999881e-02
2.240899999999999892e+01 2.340599999999999881e+01 1.258999999999999897e+00
2.091400000000000148e+01 2.321499999999999986e+01 1.620999999999999996e+00
2.026800000000000068e+01 2.418599999999999994e+01 1.995999999999999996e+00
2.306599999999999895e+01 2.407799999999999940e+01 2.431000000000000050e+00
2.451099999999999923e+01 2.441100000000000136e+01 2.242999999999999883e+00
2.545200000000000173e+01 2.323499999999999943e+01 2.254000000000000004e+00
2.682799999999999940e+01 2.378900000000000148e+01 2.596000000000000085e+00
2.783599999999999852e+01 2.273499999999999943e+01 2.802000000000000046e+00
2.039799999999999969e+01 2.198400000000000176e+01 1.538999999999999924e+00
1.901300000000000168e+01 2.170400000000000063e+01 1.848999999999999977e+00
1.875199999999999889e+01 2.163899999999999935e+01 3.345000000000000195e+00
1.776899999999999835e+01 2.218900000000000006e+01 3.811999999999999833e+00
1.859299999999999997e+01 2.040599999999999881e+01 1.161000000000000032e+00
1.712699999999999889e+01 2.003099999999999881e+01 1.409000000000000030e+00
1.619999999999999929e+01 2.076800000000000068e+01 1.088000000000000078e+00
1.692200000000000060e+01 1.881599999999999895e+01 1.909000000000000030e+00
1.966400000000000148e+01 2.101899999999999835e+01 4.107999999999999652e+00
1.948799999999999955e+01 2.087600000000000122e+01 5.560999999999999943e+00
2.079799999999999827e+01 2.094099999999999895e+01 6.336999999999999744e+00
2.187399999999999878e+01 2.113599999999999923e+01 5.754999999999999893e+00
1.877799999999999869e+01 1.954299999999999926e+01 5.868000000000000327e+00
1.964000000000000057e+01 1.842699999999999960e+01 5.671999999999999709e+00
2.068100000000000094e+01 2.077400000000000091e+01 7.666000000000000369e+00
2.180900000000000105e+01 2.076000000000000156e+01 8.585000000000000853e+00
2.285399999999999920e+01 1.964799999999999969e+01 8.256999999999999673e+00
2.403699999999999903e+01 1.982700000000000173e+01 8.451999999999999957e+00
2.131800000000000139e+01 2.062800000000000011e+01 1.005899999999999928e+01
2.244300000000000139e+01 2.102299999999999969e+01 1.100600000000000023e+01
2.078399999999999892e+01 1.922299999999999898e+01 1.034699999999999953e+01
2.201099999999999923e+01 2.121699999999999875e+01 1.248900000000000077e+01
2.240700000000000003e+01 1.853999999999999915e+01 7.700999999999999623e+00
2.329400000000000048e+01 1.746000000000000085e+01 7.363999999999999879e+00
2.419699999999999918e+01 1.774099999999999966e+01 6.166999999999999815e+00
2.510099999999999909e+01 1.693700000000000117e+01 5.838000000000000078e+00
2.247400000000000020e+01 1.620200000000000173e+01 7.173000000000000043e+00
2.141100000000000136e+01 1.643900000000000006e+01 6.283999999999999808e+00
2.392999999999999972e+01 1.889399999999999835e+01 5.528999999999999915e+00
2.471799999999999997e+01 1.942299999999999827e+01 4.418000000000000149e+00
2.584799999999999898e+01 2.032000000000000028e+01 4.950999999999999623e+00
2.676999999999999957e+01 2.070100000000000051e+01 4.203000000000000291e+00
2.385000000000000142e+01 2.018700000000000117e+01 3.426000000000000156e+00
2.289499999999999957e+01 1.927400000000000091e+01 2.694999999999999840e+00
2.332799999999999940e+01 1.817599999999999838e+01 2.290999999999999925e+00
2.170799999999999841e+01 1.963599999999999923e+01 2.544000000000000039e+00
2.584799999999999898e+01 2.055499999999999972e+01 6.261999999999999567e+00
2.686499999999999844e+01 2.136299999999999955e+01 6.891000000000000014e+00
2.774599999999999866e+01 2.057300000000000040e+01 7.826999999999999957e+00
2.723600000000000065e+01 1.967500000000000071e+01 8.542999999999999261e+00
2.622800000000000153e+01 2.245499999999999829e+01 7.767000000000000348e+00
2.579299999999999926e+01 2.369600000000000151e+01 7.024000000000000021e+00
2.451999999999999957e+01 2.377700000000000102e+01 6.482000000000000206e+00
2.666000000000000014e+01 2.478500000000000014e+01 6.863999999999999879e+00
2.411599999999999966e+01 2.489499999999999957e+01 5.809999999999999609e+00
2.626599999999999824e+01 2.592800000000000082e+01 6.192000000000000171e+00
2.499099999999999966e+01 2.597700000000000031e+01 5.676000000000000156e+00
2.454899999999999949e+01 2.713400000000000034e+01 5.113000000000000433e+00
2.905399999999999849e+01 2.086400000000000077e+01 7.799000000000000377e+00
2.991700000000000159e+01 2.030900000000000105e+01 8.816000000000000725e+00
2.983099999999999952e+01 2.143299999999999983e+01 9.862000000000000099e+00
2.936700000000000088e+01 2.255199999999999960e+01 9.573000000000000398e+00
3.134400000000000119e+01 2.019699999999999918e+01 8.423000000000000043e+00
3.184700000000000131e+01 2.149099999999999966e+01 8.099999999999999645e+00
3.150300000000000011e+01 1.920200000000000173e+01 7.309999999999999609e+00
3.025300000000000011e+01 2.115399999999999991e+01 1.108500000000000085e+01
3.022500000000000142e+01 2.214999999999999858e+01 1.213700000000000045e+01
3.110500000000000043e+01 2.340399999999999991e+01 1.190099999999999980e+01
3.071099999999999852e+01 2.454100000000000037e+01 1.222400000000000020e+01
3.062000000000000099e+01 2.141700000000000159e+01 1.339199999999999946e+01
3.060000000000000142e+01 2.220400000000000063e+01 1.456400000000000006e+01
3.074200000000000088e+01 2.133899999999999864e+01 1.576900000000000013e+01
3.042399999999999949e+01 2.013200000000000145e+01 1.568299999999999983e+01
3.118799999999999883e+01 2.188299999999999912e+01 1.679700000000000060e+01
3.230400000000000205e+01 2.319300000000000139e+01 1.133799999999999919e+01
3.325300000000000011e+01 2.428900000000000148e+01 1.100999999999999979e+01
