1.257270000000000039e+02 2.542500000000000071e+01 1.197680000000000007e+02
1.250930000000000035e+02 2.425400000000000134e+01 1.190859999999999985e+02
1.260669999999999931e+02 2.307300000000000040e+01 1.190150000000000006e+02
1.272560000000000002e+02 2.324899999999999878e+01 1.187540000000000049e+02
1.246359999999999957e+02 2.462099999999999866e+01 1.176430000000000007e+02
1.240049999999999955e+02 2.348300000000000054e+01 1.170349999999999966e+02
1.258340000000000032e+02 2.506200000000000117e+01 1.167860000000000014e+02
1.255729999999999933e+02 2.185000000000000142e+01 1.192680000000000007e+02
1.264039999999999964e+02 2.064499999999999957e+01 1.192270000000000039e+02
1.268649999999999949e+02 2.026899999999999835e+01 1.178169999999999931e+02
1.277150000000000034e+02 1.939900000000000091e+01 1.176569999999999965e+02
1.254839999999999947e+02 1.958899999999999864e+01 1.198349999999999937e+02
1.241350000000000051e+02 2.002400000000000091e+01 1.192890000000000015e+02
1.241979999999999933e+02 2.150000000000000000e+01 1.196689999999999969e+02
1.263070000000000022e+02 2.089699999999999847e+01 1.167890000000000015e+02
1.267399999999999949e+02 2.055900000000000105e+01 1.154380000000000024e+02
1.277639999999999958e+02 2.160399999999999920e+01 1.149929999999999950e+02
1.276719999999999970e+02 2.278300000000000125e+01 1.153509999999999991e+02
1.255370000000000061e+02 2.047599999999999909e+01 1.144710000000000036e+02
1.251770000000000067e+02 2.174500000000000099e+01 1.137339999999999947e+02
1.258349999999999937e+02 2.210099999999999909e+01 1.125559999999999974e+02
1.241910000000000025e+02 2.260200000000000031e+01 1.142189999999999941e+02
1.255180000000000007e+02 2.328500000000000014e+01 1.118769999999999953e+02
1.238700000000000045e+02 2.378500000000000014e+01 1.135499999999999972e+02
1.245379999999999967e+02 2.411899999999999977e+01 1.123829999999999956e+02
1.242379999999999995e+02 2.529200000000000159e+01 1.117399999999999949e+02
1.287560000000000002e+02 2.115399999999999991e+01 1.142369999999999948e+02
1.298089999999999975e+02 2.202499999999999858e+01 1.137699999999999960e+02
1.296129999999999995e+02 2.244399999999999906e+01 1.123289999999999935e+02
1.297969999999999970e+02 2.164600000000000080e+01 1.114170000000000016e+02
1.311479999999999961e+02 2.132300000000000040e+01 1.139440000000000026e+02
1.322940000000000111e+02 2.211400000000000077e+01 1.133769999999999953e+02
1.321690000000000111e+02 2.334900000000000020e+01 1.132609999999999957e+02
1.333290000000000077e+02 2.149599999999999866e+01 1.130750000000000028e+02
1.291980000000000075e+02 2.370200000000000173e+01 1.121059999999999945e+02
1.289650000000000034e+02 2.426200000000000045e+01 1.107690000000000055e+02
1.302299999999999898e+02 2.446799999999999997e+01 1.099219999999999970e+02
1.301709999999999923e+02 2.505399999999999849e+01 1.088310000000000031e+02
1.282419999999999902e+02 2.557000000000000028e+01 1.110819999999999936e+02
1.288969999999999914e+02 2.597700000000000031e+01 1.123619999999999948e+02
1.288040000000000020e+02 2.468499999999999872e+01 1.131320000000000050e+02
1.313619999999999948e+02 2.396799999999999997e+01 1.104219999999999970e+02
1.326479999999999961e+02 2.409400000000000119e+01 1.097300000000000040e+02
1.330769999999999982e+02 2.281899999999999906e+01 1.090340000000000060e+02
1.339569999999999936e+02 2.283200000000000074e+01 1.081700000000000017e+02
1.337419999999999902e+02 2.452899999999999991e+01 1.107129999999999939e+02
1.336210000000000093e+02 2.598000000000000043e+01 1.112019999999999982e+02
1.346229999999999905e+02 2.626599999999999824e+01 1.123169999999999931e+02
1.338180000000000121e+02 2.691499999999999915e+01 1.100139999999999958e+02
1.324420000000000073e+02 2.171499999999999986e+01 1.093979999999999961e+02
1.327829999999999870e+02 2.043499999999999872e+01 1.088010000000000019e+02
1.316220000000000141e+02 1.967899999999999849e+01 1.081959999999999980e+02
1.305320000000000107e+02 1.963200000000000145e+01 1.087519999999999953e+02
1.334840000000000089e+02 1.950600000000000023e+01 1.098289999999999935e+02
1.348439999999999941e+02 1.992800000000000082e+01 1.100060000000000002e+02
1.334250000000000114e+02 1.803800000000000026e+01 1.093709999999999951e+02
1.318779999999999859e+02 1.910900000000000176e+01 1.070300000000000011e+02
1.309130000000000109e+02 1.828900000000000148e+01 1.063319999999999936e+02
1.316490000000000009e+02 1.697500000000000142e+01 1.061800000000000068e+02
1.328040000000000020e+02 1.696900000000000119e+01 1.057540000000000049e+02
1.305889999999999986e+02 1.885600000000000165e+01 1.049440000000000026e+02
1.298439999999999941e+02 2.019699999999999918e+01 1.047939999999999969e+02
1.296490000000000009e+02 2.050000000000000000e+01 1.033160000000000025e+02
1.284819999999999993e+02 2.014000000000000057e+01 1.054920000000000044e+02
1.310070000000000050e+02 1.587299999999999933e+01 1.065649999999999977e+02
1.316200000000000045e+02 1.454800000000000004e+01 1.064260000000000019e+02
1.306119999999999948e+02 1.343099999999999916e+01 1.062450000000000045e+02
1.293959999999999866e+02 1.363299999999999912e+01 1.063430000000000035e+02
1.325300000000000011e+02 1.419500000000000028e+01 1.076170000000000044e+02
1.318460000000000036e+02 1.395500000000000007e+01 1.089320000000000022e+02
1.305099999999999909e+02 1.392999999999999972e+01 1.091719999999999970e+02
1.324850000000000136e+02 1.369699999999999918e+01 1.101959999999999980e+02
1.302690000000000055e+02 1.367699999999999960e+01 1.105010000000000048e+02
1.314650000000000034e+02 1.352999999999999936e+01 1.111530000000000058e+02
1.338230000000000075e+02 1.359399999999999942e+01 1.106080000000000041e+02
1.317330000000000041e+02 1.326299999999999990e+01 1.125010000000000048e+02
1.340889999999999986e+02 1.333200000000000074e+01 1.119429999999999978e+02
1.330469999999999970e+02 1.316900000000000048e+01 1.128769999999999953e+02
1.311479999999999961e+02 1.224499999999999922e+01 1.059849999999999994e+02
1.303629999999999995e+02 1.103599999999999959e+01 1.057699999999999960e+02
1.302609999999999957e+02 1.021799999999999997e+01 1.070580000000000069e+02
1.296930000000000121e+02 9.143000000000000682e+00 1.070690000000000026e+02
1.310389999999999873e+02 1.016699999999999982e+01 1.047030000000000030e+02
1.324410000000000025e+02 1.007699999999999996e+01 1.050070000000000050e+02
1.308480000000000132e+02 1.074699999999999989e+01 1.033110000000000070e+02
1.308040000000000020e+02 1.077200000000000024e+01 1.081329999999999956e+02
1.308789999999999907e+02 1.015399999999999991e+01 1.094579999999999984e+02
1.322129999999999939e+02 9.435000000000000497e+00 1.094440000000000026e+02
1.327210000000000036e+02 9.096000000000000085e+00 1.083820000000000050e+02
1.297439999999999998e+02 9.115000000000000213e+00 1.097680000000000007e+02
1.298640000000000043e+02 7.966000000000000192e+00 1.089170000000000016e+02
1.283830000000000098e+02 9.749000000000000554e+00 1.095840000000000032e+02
1.328050000000000068e+02 9.211000000000000298e+00 1.106200000000000045e+02
1.340949999999999989e+02 8.532999999999999474e+00 1.107729999999999961e+02
1.341659999999999968e+02 7.083000000000000185e+00 1.102600000000000051e+02
1.351719999999999970e+02 6.684999999999999609e+00 1.096539999999999964e+02
1.343369999999999891e+02 8.624000000000000554e+00 1.122789999999999964e+02
1.335740000000000123e+02 9.890000000000000568e+00 1.126650000000000063e+02
1.322940000000000111e+02 9.618000000000000327e+00 1.119380000000000024e+02
1.331179999999999950e+02 6.298000000000000043e+00 1.105120000000000005e+02
