1.122600000000000087e+01 2.117899999999999849e+01 1.182699999999999996e+01
1.222700000000000031e+01 2.144000000000000128e+01 1.289000000000000057e+01
1.167900000000000027e+01 2.099099999999999966e+01 1.423700000000000010e+01
1.043099999999999916e+01 2.096199999999999974e+01 1.437700000000000067e+01
1.255199999999999960e+01 2.296399999999999864e+01 1.297199999999999953e+01
1.114899999999999913e+01 2.407600000000000051e+01 1.322000000000000064e+01
1.255899999999999928e+01 2.093400000000000105e+01 1.526800000000000068e+01
1.219100000000000072e+01 2.083399999999999963e+01 1.669200000000000017e+01
1.160800000000000054e+01 1.946699999999999875e+01 1.708399999999999963e+01
1.105000000000000071e+01 1.930499999999999972e+01 1.818700000000000117e+01
1.161800000000000033e+01 1.851099999999999923e+01 1.619999999999999929e+01
1.100699999999999967e+01 1.721499999999999986e+01 1.649299999999999855e+01
1.197400000000000020e+01 1.605600000000000094e+01 1.620200000000000173e+01
1.194500000000000028e+01 1.546899999999999942e+01 1.508500000000000085e+01
9.695999999999999730e+00 1.705699999999999861e+01 1.566000000000000014e+01
9.060000000000000497e+00 1.567900000000000027e+01 1.597199999999999953e+01
8.679000000000000270e+00 1.817999999999999972e+01 1.594299999999999962e+01
1.290600000000000058e+01 1.578500000000000014e+01 1.710600000000000165e+01
1.394800000000000040e+01 1.479599999999999937e+01 1.685000000000000142e+01
1.345299999999999940e+01 1.342900000000000027e+01 1.638599999999999923e+01
1.263199999999999967e+01 1.281499999999999950e+01 1.710000000000000142e+01
1.472799999999999976e+01 1.463400000000000034e+01 1.814900000000000091e+01
1.427500000000000036e+01 1.574799999999999933e+01 1.907999999999999829e+01
1.308900000000000041e+01 1.644900000000000162e+01 1.838299999999999912e+01
1.421100000000000030e+01 1.280199999999999960e+01 1.552500000000000036e+01
1.400600000000000023e+01 1.137599999999999945e+01 1.527399999999999913e+01
1.422899999999999920e+01 1.048700000000000010e+01 1.650900000000000034e+01
1.357600000000000051e+01 9.445000000000000284e+00 1.660999999999999943e+01
1.482799999999999940e+01 1.089100000000000001e+01 1.405199999999999960e+01
1.526099999999999923e+01 1.068900000000000006e+01 1.732000000000000028e+01
1.546599999999999930e+01 9.898999999999999133e+00 1.851899999999999835e+01
1.503599999999999959e+01 1.080700000000000038e+01 1.967200000000000060e+01
1.569599999999999973e+01 1.187299999999999933e+01 1.985300000000000153e+01
1.696099999999999852e+01 9.542999999999999261e+00 1.883800000000000097e+01
1.794900000000000162e+01 9.082000000000000739e+00 1.775600000000000023e+01
1.717099999999999937e+01 8.821999999999999176e+00 2.017599999999999838e+01
1.731700000000000017e+01 8.160999999999999588e+00 1.679299999999999926e+01
1.396299999999999919e+01 1.046100000000000030e+01 2.036400000000000077e+01
1.347100000000000009e+01 1.129100000000000037e+01 2.144699999999999918e+01
1.438000000000000078e+01 1.127699999999999925e+01 2.267099999999999937e+01
1.490300000000000047e+01 1.022199999999999953e+01 2.310099999999999909e+01
1.210399999999999920e+01 1.076999999999999957e+01 2.186899999999999977e+01
1.105499999999999972e+01 1.100000000000000000e+01 2.075600000000000023e+01
1.064000000000000057e+01 1.246400000000000041e+01 2.084299999999999997e+01
1.022300000000000075e+01 1.286899999999999977e+01 2.196099999999999852e+01
1.093299999999999983e+01 1.327999999999999936e+01 1.980699999999999861e+01
1.459699999999999953e+01 1.246599999999999930e+01 2.323900000000000077e+01
1.536899999999999977e+01 1.262400000000000055e+01 2.447700000000000031e+01
1.468599999999999994e+01 1.192900000000000027e+01 2.564999999999999858e+01
1.343999999999999950e+01 1.199699999999999989e+01 2.570400000000000063e+01
1.550000000000000000e+01 1.413299999999999912e+01 2.478600000000000136e+01
1.477500000000000036e+01 1.484900000000000020e+01 2.367399999999999949e+01
1.416000000000000014e+01 1.377599999999999980e+01 2.273699999999999832e+01
1.546899999999999942e+01 1.133099999999999952e+01 2.653600000000000136e+01
1.500600000000000023e+01 1.081700000000000017e+01 2.778600000000000136e+01
1.552100000000000080e+01 1.174499999999999922e+01 2.887300000000000111e+01
1.673999999999999844e+01 1.179899999999999949e+01 2.917999999999999972e+01
1.544200000000000017e+01 9.336000000000000298e+00 2.808099999999999952e+01
1.507900000000000063e+01 8.813000000000000611e+00 2.950100000000000122e+01
1.504899999999999949e+01 8.329000000000000625e+00 2.699899999999999878e+01
1.462199999999999989e+01 1.241000000000000014e+01 2.948199999999999932e+01
1.496299999999999919e+01 1.321400000000000041e+01 3.063100000000000023e+01
1.441300000000000026e+01 1.259699999999999953e+01 3.190599999999999881e+01
1.317699999999999960e+01 1.251600000000000001e+01 3.206900000000000261e+01
1.433999999999999986e+01 1.462500000000000000e+01 3.051800000000000068e+01
1.497199999999999953e+01 1.542699999999999960e+01 2.938200000000000145e+01
1.392099999999999937e+01 1.607300000000000040e+01 2.847700000000000031e+01
1.599799999999999933e+01 1.642999999999999972e+01 2.993400000000000105e+01
1.528999999999999915e+01 1.236899999999999977e+01 3.284199999999999875e+01
1.498700000000000010e+01 1.187100000000000044e+01 3.416199999999999903e+01
1.517300000000000004e+01 1.298099999999999987e+01 3.518099999999999739e+01
1.561100000000000065e+01 1.411899999999999977e+01 3.484300000000000352e+01
1.593699999999999939e+01 1.070199999999999996e+01 3.445199999999999818e+01
1.706599999999999895e+01 1.125500000000000078e+01 3.509599999999999653e+01
1.475600000000000023e+01 1.265499999999999936e+01 3.637700000000000244e+01
1.488199999999999967e+01 1.350399999999999956e+01 3.756000000000000227e+01
1.631500000000000128e+01 1.390799999999999947e+01 3.785300000000000153e+01
1.651000000000000156e+01 1.503400000000000070e+01 3.838199999999999790e+01
1.727599999999999980e+01 1.316600000000000037e+01 3.736999999999999744e+01
1.868900000000000006e+01 1.358999999999999986e+01 3.751700000000000301e+01
1.911499999999999844e+01 1.485399999999999920e+01 3.672200000000000131e+01
2.018700000000000117e+01 1.549399999999999977e+01 3.698400000000000176e+01
1.969399999999999906e+01 1.242600000000000016e+01 3.725300000000000011e+01
1.963400000000000034e+01 1.120599999999999952e+01 3.819500000000000028e+01
2.082799999999999940e+01 1.026600000000000001e+01 3.791299999999999670e+01
1.959299999999999997e+01 1.156199999999999939e+01 3.967199999999999704e+01
1.832799999999999940e+01 1.515000000000000036e+01 3.570199999999999818e+01
1.853300000000000125e+01 1.631500000000000128e+01 3.485000000000000142e+01
1.822700000000000031e+01 1.765700000000000003e+01 3.557399999999999807e+01
1.876500000000000057e+01 1.872700000000000031e+01 3.515599999999999881e+01
1.770200000000000173e+01 1.614600000000000080e+01 3.356400000000000006e+01
1.637099999999999866e+01 1.661100000000000065e+01 3.382800000000000296e+01
1.763500000000000156e+01 1.756800000000000139e+01 3.678099999999999881e+01
1.724599999999999866e+01 1.877700000000000102e+01 3.756099999999999994e+01
1.822400000000000020e+01 1.921900000000000119e+01 3.865899999999999892e+01
1.794900000000000162e+01 2.015399999999999991e+01 3.947800000000000153e+01
1.583799999999999919e+01 1.859100000000000108e+01 3.818500000000000227e+01
1.466999999999999993e+01 1.860000000000000142e+01 3.717300000000000182e+01
1.329100000000000037e+01 1.841000000000000014e+01 3.786999999999999744e+01
1.223199999999999932e+01 1.926699999999999946e+01 3.721999999999999886e+01
