4.304800000000000182e+01 1.241900000000000048e+01 1.128800000000000026e+01
4.383200000000000074e+01 1.167300000000000004e+01 1.231099999999999994e+01
4.411899999999999977e+01 1.255100000000000016e+01 1.351699999999999946e+01
4.457900000000000063e+01 1.368099999999999916e+01 1.336999999999999922e+01
4.515800000000000125e+01 1.119599999999999973e+01 1.170899999999999963e+01
4.618599999999999994e+01 1.075099999999999945e+01 1.274399999999999977e+01
4.755700000000000216e+01 1.049600000000000044e+01 1.214499999999999957e+01
4.802499999999999858e+01 1.133900000000000041e+01 1.134699999999999953e+01
4.817399999999999949e+01 9.460000000000000853e+00 1.248499999999999943e+01
4.383800000000000097e+01 1.203899999999999970e+01 1.470800000000000018e+01
4.411399999999999721e+01 1.278299999999999947e+01 1.592800000000000082e+01
4.539200000000000301e+01 1.221400000000000041e+01 1.653900000000000148e+01
4.554399999999999693e+01 1.100099999999999945e+01 1.667200000000000060e+01
4.296200000000000330e+01 1.266499999999999915e+01 1.695700000000000074e+01
4.172299999999999898e+01 1.340000000000000036e+01 1.643799999999999883e+01
4.340200000000000102e+01 1.323799999999999955e+01 1.830499999999999972e+01
4.053699999999999903e+01 1.338700000000000045e+01 1.739199999999999946e+01
4.631799999999999784e+01 1.309500000000000064e+01 1.689099999999999824e+01
4.757099999999999795e+01 1.266600000000000037e+01 1.748900000000000077e+01
4.772299999999999898e+01 1.330300000000000082e+01 1.886899999999999977e+01
4.752600000000000335e+01 1.451099999999999923e+01 1.903900000000000148e+01
4.877400000000000091e+01 1.304700000000000060e+01 1.659799999999999898e+01
4.882399999999999807e+01 1.454800000000000004e+01 1.640299999999999869e+01
5.006700000000000017e+01 1.254700000000000060e+01 1.722299999999999898e+01
4.806300000000000239e+01 1.247400000000000020e+01 1.985099999999999909e+01
4.822899999999999920e+01 1.293099999999999916e+01 2.122500000000000142e+01
4.969800000000000040e+01 1.301600000000000001e+01 2.161400000000000077e+01
5.037800000000000011e+01 1.199399999999999977e+01 2.172100000000000009e+01
4.750900000000000034e+01 1.197899999999999920e+01 2.217800000000000082e+01
4.605100000000000193e+01 1.167200000000000060e+01 2.182700000000000173e+01
4.547200000000000131e+01 1.069299999999999962e+01 2.283699999999999974e+01
4.524900000000000233e+01 1.295599999999999952e+01 2.180499999999999972e+01
5.018699999999999761e+01 1.423199999999999932e+01 2.182900000000000063e+01
5.157800000000000296e+01 1.443500000000000050e+01 2.221499999999999986e+01
5.164399999999999835e+01 1.480899999999999928e+01 2.369399999999999906e+01
5.093900000000000006e+01 1.570500000000000007e+01 2.414699999999999847e+01
5.222699999999999676e+01 1.555599999999999916e+01 2.138100000000000023e+01
5.142099999999999937e+01 1.673799999999999955e+01 2.146900000000000119e+01
5.233899999999999864e+01 1.513799999999999990e+01 1.992500000000000071e+01
5.249499999999999744e+01 1.411599999999999966e+01 2.444399999999999906e+01
5.263300000000000267e+01 1.438100000000000023e+01 2.586899999999999977e+01
5.394200000000000017e+01 1.508399999999999963e+01 2.618599999999999994e+01
5.493500000000000227e+01 1.491499999999999915e+01 2.548300000000000054e+01
5.255700000000000216e+01 1.307499999999999929e+01 2.666300000000000026e+01
5.123899999999999721e+01 1.234900000000000020e+01 2.651899999999999835e+01
5.121000000000000085e+01 1.104199999999999982e+01 2.727799999999999869e+01
5.093999999999999773e+01 9.990000000000000213e+00 2.670599999999999952e+01
5.148199999999999932e+01 1.110299999999999976e+01 2.857799999999999940e+01
5.392999999999999972e+01 1.587500000000000000e+01 2.725300000000000011e+01
5.511599999999999966e+01 1.659900000000000020e+01 2.769300000000000139e+01
5.506199999999999761e+01 1.673199999999999932e+01 2.921099999999999852e+01
5.398899999999999721e+01 1.685399999999999920e+01 2.978999999999999915e+01
5.517300000000000182e+01 1.798799999999999955e+01 2.704899999999999949e+01
5.408899999999999864e+01 1.879100000000000037e+01 2.747800000000000153e+01
5.621900000000000119e+01 1.665399999999999991e+01 2.987900000000000134e+01
5.752799999999999869e+01 1.644600000000000151e+01 2.925600000000000023e+01
5.764699999999999847e+01 1.499799999999999933e+01 2.879700000000000060e+01
5.685600000000000165e+01 1.414700000000000024e+01 2.921600000000000108e+01
5.849099999999999966e+01 1.676200000000000045e+01 3.038899999999999935e+01
5.775900000000000034e+01 1.623699999999999832e+01 3.157799999999999940e+01
5.634799999999999898e+01 1.674200000000000088e+01 3.134600000000000009e+01
5.861599999999999966e+01 1.471899999999999942e+01 2.793199999999999861e+01
5.882999999999999829e+01 1.335699999999999932e+01 2.746300000000000097e+01
5.943900000000000006e+01 1.259399999999999942e+01 2.863500000000000156e+01
5.913900000000000290e+01 1.142200000000000060e+01 2.886100000000000065e+01
5.978300000000000125e+01 1.334999999999999964e+01 2.627100000000000080e+01
6.030299999999999727e+01 1.328500000000000014e+01 2.937500000000000000e+01
6.096800000000000352e+01 1.272300000000000075e+01 3.054200000000000159e+01
6.132300000000000040e+01 1.385599999999999987e+01 3.150499999999999901e+01
6.164099999999999824e+01 1.496100000000000030e+01 3.107300000000000040e+01
6.224099999999999966e+01 1.194999999999999929e+01 3.013400000000000034e+01
6.289500000000000313e+01 1.133200000000000074e+01 3.137300000000000111e+01
6.320100000000000051e+01 1.288000000000000078e+01 2.939699999999999847e+01
6.393699999999999761e+01 1.027999999999999936e+01 3.106500000000000128e+01
6.125300000000000011e+01 1.358500000000000085e+01 3.280700000000000216e+01
6.156199999999999761e+01 1.459200000000000053e+01 3.382000000000000028e+01
6.186299999999999955e+01 1.392200000000000060e+01 3.516400000000000148e+01
6.127100000000000080e+01 1.289199999999999946e+01 3.550200000000000244e+01
6.036399999999999721e+01 1.558699999999999974e+01 3.399300000000000210e+01
6.074600000000000222e+01 1.667299999999999827e+01 3.485099999999999909e+01
5.915500000000000114e+01 1.486899999999999977e+01 3.460600000000000165e+01
6.279399999999999693e+01 1.449300000000000033e+01 3.592300000000000182e+01
6.314000000000000057e+01 1.393599999999999994e+01 3.722800000000000153e+01
6.262299999999999756e+01 1.485500000000000043e+01 3.832900000000000063e+01
6.311699999999999733e+01 1.597000000000000064e+01 3.850399999999999778e+01
6.465600000000000591e+01 1.376200000000000045e+01 3.735699999999999932e+01
6.162800000000000011e+01 1.437700000000000067e+01 3.906600000000000250e+01
6.103699999999999903e+01 1.515199999999999925e+01 4.014600000000000080e+01
6.159499999999999886e+01 1.472400000000000020e+01 4.149900000000000233e+01
6.184700000000000131e+01 1.353999999999999915e+01 4.173599999999999710e+01
5.951400000000000290e+01 1.498199999999999932e+01 4.013199999999999790e+01
6.178600000000000136e+01 1.569599999999999973e+01 4.238199999999999790e+01
6.229299999999999926e+01 1.542399999999999949e+01 4.371999999999999886e+01
6.110300000000000153e+01 1.504599999999999937e+01 4.459300000000000352e+01
5.999399999999999977e+01 1.553599999999999959e+01 4.438700000000000045e+01
6.298299999999999699e+01 1.666799999999999926e+01 4.429200000000000159e+01
6.401800000000000068e+01 1.711400000000000077e+01 4.343299999999999983e+01
6.132699999999999818e+01 1.416999999999999993e+01 4.556300000000000239e+01
6.024399999999999977e+01 1.375000000000000000e+01 4.644299999999999784e+01
5.964200000000000301e+01 1.496499999999999986e+01 4.714099999999999824e+01
