2.378500000000000014e+01 1.829700000000000060e+01 2.321600000000000108e+01
2.244500000000000028e+01 1.823600000000000065e+01 2.256899999999999906e+01
2.257100000000000151e+01 1.824699999999999989e+01 2.104799999999999827e+01
2.192299999999999827e+01 1.901800000000000068e+01 2.034900000000000020e+01
2.155099999999999838e+01 1.937699999999999889e+01 2.304299999999999926e+01
2.008699999999999974e+01 1.903099999999999881e+01 2.304799999999999827e+01
1.951399999999999935e+01 1.843400000000000105e+01 2.415899999999999892e+01
1.928999999999999915e+01 1.930199999999999960e+01 2.194999999999999929e+01
1.817000000000000171e+01 1.811299999999999955e+01 2.417599999999999838e+01
1.794600000000000151e+01 1.898300000000000054e+01 2.195899999999999963e+01
1.738599999999999923e+01 1.838800000000000168e+01 2.307400000000000162e+01
2.342999999999999972e+01 1.737399999999999878e+01 2.054799999999999827e+01
2.367699999999999960e+01 1.723100000000000165e+01 1.911899999999999977e+01
2.438800000000000168e+01 1.589799999999999969e+01 1.887900000000000134e+01
2.525499999999999901e+01 1.551399999999999935e+01 1.966400000000000148e+01
2.448900000000000077e+01 1.839199999999999946e+01 1.856500000000000128e+01
2.466100000000000136e+01 1.833399999999999963e+01 1.705999999999999872e+01
2.520299999999999940e+01 1.736400000000000077e+01 1.652599999999999980e+01
2.420400000000000063e+01 1.937000000000000099e+01 1.636700000000000088e+01
2.400100000000000122e+01 1.520400000000000063e+01 1.782600000000000051e+01
2.455900000000000105e+01 1.391300000000000026e+01 1.748600000000000065e+01
2.607600000000000051e+01 1.391499999999999915e+01 1.740800000000000125e+01
2.670599999999999952e+01 1.290199999999999925e+01 1.773300000000000054e+01
2.397400000000000020e+01 1.341900000000000048e+01 1.615099999999999980e+01
2.366300000000000026e+01 1.193800000000000061e+01 1.612099999999999866e+01
2.485200000000000031e+01 1.108300000000000018e+01 1.651200000000000045e+01
2.451899999999999835e+01 9.599999999999999645e+00 1.639099999999999824e+01
2.549800000000000111e+01 8.756000000000000227e+00 1.713100000000000023e+01
2.667500000000000071e+01 1.502399999999999913e+01 1.697400000000000020e+01
2.812699999999999889e+01 1.505599999999999916e+01 1.683500000000000085e+01
2.882999999999999829e+01 1.570599999999999952e+01 1.800900000000000034e+01
3.005999999999999872e+01 1.580300000000000082e+01 1.800400000000000134e+01
2.855900000000000105e+01 1.571000000000000085e+01 1.551500000000000057e+01
2.835800000000000054e+01 1.722400000000000020e+01 1.555400000000000027e+01
2.778600000000000136e+01 1.509299999999999997e+01 1.434999999999999964e+01
2.906400000000000006e+01 1.795899999999999963e+01 1.443399999999999928e+01
2.808699999999999974e+01 1.613200000000000145e+01 1.901999999999999957e+01
2.867599999999999838e+01 1.677100000000000080e+01 2.019399999999999906e+01
2.969200000000000017e+01 1.590700000000000003e+01 2.090399999999999991e+01
3.080000000000000071e+01 1.636599999999999966e+01 2.121199999999999974e+01
2.759900000000000020e+01 1.726399999999999935e+01 2.117299999999999827e+01
2.709499999999999886e+01 1.852400000000000091e+01 2.069500000000000028e+01
2.817200000000000060e+01 1.746300000000000097e+01 2.256599999999999895e+01
2.936400000000000077e+01 1.465000000000000036e+01 2.116100000000000136e+01
3.027199999999999847e+01 1.372100000000000009e+01 2.180699999999999861e+01
3.158899999999999864e+01 1.360699999999999932e+01 2.105499999999999972e+01
3.265800000000000125e+01 1.351299999999999990e+01 2.166400000000000148e+01
2.951899999999999835e+01 1.240399999999999991e+01 2.182400000000000162e+01
2.808800000000000097e+01 1.275699999999999967e+01 2.162800000000000011e+01
2.806500000000000128e+01 1.402599999999999980e+01 2.082100000000000151e+01
3.151800000000000068e+01 1.361299999999999955e+01 1.972599999999999909e+01
3.269599999999999795e+01 1.351099999999999923e+01 1.887900000000000134e+01
3.357600000000000051e+01 1.475999999999999979e+01 1.896999999999999886e+01
3.480100000000000193e+01 1.464499999999999957e+01 1.905099999999999838e+01
3.228900000000000148e+01 1.329199999999999982e+01 1.741600000000000037e+01
3.140599999999999881e+01 1.207099999999999973e+01 1.723799999999999955e+01
3.189499999999999957e+01 1.094200000000000017e+01 1.715599999999999881e+01
3.010600000000000165e+01 1.229299999999999926e+01 1.718299999999999983e+01
3.295000000000000284e+01 1.592300000000000004e+01 1.890099999999999980e+01
3.363499999999999801e+01 1.720200000000000173e+01 1.900000000000000000e+01
3.430799999999999983e+01 1.736299999999999955e+01 2.035900000000000176e+01
3.540299999999999869e+01 1.792299999999999827e+01 2.043799999999999883e+01
3.265999999999999659e+01 1.836299999999999955e+01 1.877400000000000091e+01
3.207000000000000028e+01 1.847200000000000131e+01 1.736499999999999844e+01
3.082900000000000063e+01 1.934600000000000009e+01 1.736400000000000077e+01
3.311699999999999733e+01 1.900799999999999912e+01 1.639799999999999969e+01
3.367099999999999937e+01 1.684299999999999997e+01 2.140500000000000114e+01
3.426200000000000045e+01 1.691900000000000048e+01 2.275700000000000145e+01
3.547899999999999920e+01 1.600900000000000034e+01 2.280499999999999972e+01
3.652600000000000335e+01 1.634799999999999898e+01 2.337600000000000122e+01
3.323599999999999710e+01 1.653200000000000003e+01 2.379899999999999949e+01
3.538199999999999790e+01 1.484600000000000009e+01 2.215399999999999991e+01
3.653900000000000148e+01 1.393900000000000006e+01 2.213299999999999912e+01
3.767300000000000182e+01 1.457600000000000051e+01 2.133399999999999963e+01
3.884300000000000352e+01 1.444400000000000084e+01 2.168400000000000105e+01
3.616799999999999926e+01 1.257000000000000028e+01 2.157600000000000051e+01
3.533400000000000318e+01 1.172300000000000075e+01 2.252799999999999869e+01
3.581400000000000006e+01 1.181700000000000017e+01 2.396499999999999986e+01
3.701299999999999812e+01 1.153599999999999959e+01 2.420899999999999963e+01
3.500399999999999778e+01 1.217200000000000060e+01 2.485300000000000153e+01
3.732300000000000040e+01 1.527699999999999925e+01 2.025700000000000145e+01
3.832099999999999795e+01 1.592099999999999937e+01 1.940700000000000003e+01
3.899699999999999989e+01 1.705399999999999849e+01 2.017500000000000071e+01
4.021500000000000341e+01 1.719300000000000139e+01 2.015899999999999892e+01
3.769100000000000250e+01 1.642800000000000082e+01 1.811100000000000065e+01
3.860799999999999699e+01 1.725300000000000011e+01 1.726099999999999923e+01
3.972399999999999665e+01 1.667899999999999849e+01 1.666100000000000136e+01
3.836399999999999721e+01 1.859600000000000009e+01 1.705099999999999838e+01
4.057099999999999795e+01 1.743799999999999883e+01 1.588100000000000023e+01
3.921099999999999852e+01 1.935900000000000176e+01 1.626899999999999835e+01
4.031600000000000250e+01 1.878000000000000114e+01 1.568699999999999939e+01
3.818699999999999761e+01 1.784600000000000009e+01 2.086899999999999977e+01
3.871600000000000108e+01 1.894099999999999895e+01 2.167699999999999960e+01
3.976800000000000068e+01 1.840700000000000003e+01 2.264499999999999957e+01
4.081300000000000239e+01 1.902599999999999980e+01 2.281500000000000128e+01
3.757000000000000028e+01 1.959400000000000119e+01 2.246799999999999997e+01
3.947200000000000131e+01 1.728000000000000114e+01 2.329599999999999937e+01
4.040400000000000347e+01 1.671399999999999864e+01 2.426999999999999957e+01
4.165999999999999659e+01 1.615899999999999892e+01 2.363299999999999912e+01
4.276700000000000301e+01 1.649399999999999977e+01 2.407400000000000162e+01
