3.972200000000000131e+01 6.322000000000000064e+00 -2.689000000000000057e+00
3.891599999999999682e+01 6.003999999999999559e+00 -1.493999999999999995e+00
3.817799999999999727e+01 7.235000000000000320e+00 -9.929999999999999938e-01
3.851599999999999824e+01 8.371000000000000441e+00 -1.318999999999999950e+00
3.975800000000000267e+01 5.458999999999999631e+00 -3.330000000000000182e-01
4.099199999999999733e+01 6.588000000000000078e+00 3.709999999999999964e-01
3.717999999999999972e+01 6.996999999999999886e+00 -1.499999999999999944e-01
3.638199999999999790e+01 7.969000000000000306e+00 5.080000000000000071e-01
3.549099999999999966e+01 8.919999999999999929e+00 -1.950000000000000067e-01
3.496600000000000108e+01 9.823999999999999844e+00 4.769999999999999796e-01
3.530400000000000205e+01 8.753000000000000114e+00 -1.510000000000000009e+00
3.441899999999999693e+01 9.701999999999999957e+00 -2.248000000000000220e+00
3.327100000000000080e+01 8.942999999999999616e+00 -2.919999999999999929e+00
3.343200000000000216e+01 8.435999999999999943e+00 -4.044999999999999929e+00
3.526100000000000279e+01 1.046899999999999942e+01 -3.283999999999999808e+00
3.441899999999999693e+01 1.148300000000000054e+01 -4.081999999999999851e+00
3.646999999999999886e+01 1.115499999999999936e+01 -2.669000000000000039e+00
3.213400000000000034e+01 8.928000000000000824e+00 -2.269000000000000128e+00
3.096000000000000085e+01 8.223000000000000753e+00 -2.814000000000000057e+00
3.059900000000000020e+01 8.778000000000000469e+00 -4.190000000000000391e+00
3.067899999999999849e+01 1.001699999999999946e+01 -4.379999999999999893e+00
2.986799999999999855e+01 8.445999999999999730e+00 -1.772000000000000020e+00
3.062900000000000134e+01 8.710000000000000853e+00 -4.859999999999999876e-01
3.184900000000000020e+01 9.506000000000000227e+00 -9.370000000000000551e-01
3.021999999999999886e+01 7.871000000000000441e+00 -5.076999999999999957e+00
2.977899999999999991e+01 8.247999999999999332e+00 -6.440000000000000391e+00
2.844200000000000017e+01 9.000999999999999446e+00 -6.277000000000000135e+00
2.817599999999999838e+01 1.000200000000000067e+01 -6.969000000000000306e+00
2.965899999999999892e+01 7.080000000000000071e+00 -7.394000000000000128e+00
2.764399999999999835e+01 8.522000000000000242e+00 -5.352000000000000313e+00
2.634700000000000131e+01 9.034000000000000696e+00 -4.937000000000000277e+00
2.659900000000000020e+01 9.731999999999999318e+00 -3.588999999999999968e+00
2.683200000000000074e+01 9.055999999999999162e+00 -2.576999999999999957e+00
2.530000000000000071e+01 7.866999999999999993e+00 -4.756999999999999673e+00
2.525900000000000034e+01 6.987000000000000099e+00 -6.035999999999999588e+00
2.392399999999999949e+01 8.378000000000000114e+00 -4.301999999999999602e+00
2.436700000000000088e+01 5.714999999999999858e+00 -5.866999999999999993e+00
2.660000000000000142e+01 1.105799999999999983e+01 -3.634999999999999787e+00
2.687800000000000011e+01 1.186800000000000033e+01 -2.467000000000000082e+00
2.580399999999999849e+01 1.174000000000000021e+01 -1.405000000000000027e+00
2.462000000000000099e+01 1.193800000000000061e+01 -1.655999999999999917e+00
2.707000000000000028e+01 1.337100000000000044e+01 -2.802999999999999936e+00
2.764499999999999957e+01 1.413299999999999912e+01 -1.653999999999999915e+00
2.752199999999999847e+01 1.561899999999999977e+01 -1.647999999999999909e+00
2.847100000000000009e+01 1.636799999999999855e+01 -1.887000000000000011e+00
2.632199999999999918e+01 1.610399999999999920e+01 -1.302000000000000046e+00
2.629100000000000037e+01 1.143099999999999916e+01 -1.990000000000000102e-01
2.536400000000000077e+01 1.130899999999999928e+01 9.499999999999999556e-01
2.491600000000000037e+01 1.274000000000000021e+01 1.298000000000000043e+00
2.569000000000000128e+01 1.368900000000000006e+01 1.116999999999999993e+00
2.616400000000000148e+01 1.067399999999999949e+01 2.036999999999999922e+00
2.759299999999999997e+01 1.104899999999999949e+01 1.711000000000000076e+00
2.766799999999999926e+01 1.116499999999999915e+01 1.920000000000000040e-01
2.369900000000000162e+01 1.278200000000000003e+01 1.770000000000000018e+00
2.301399999999999935e+01 1.400500000000000078e+01 2.189000000000000057e+00
2.258399999999999963e+01 1.379700000000000060e+01 3.645000000000000018e+00
2.173600000000000065e+01 1.294699999999999918e+01 3.924999999999999822e+00
2.187900000000000134e+01 1.431300000000000061e+01 1.223000000000000087e+00
2.113899999999999935e+01 1.559900000000000020e+01 1.566000000000000059e+00
2.238899999999999935e+01 1.432900000000000063e+01 -2.149999999999999967e-01
2.321799999999999997e+01 1.459699999999999953e+01 4.469999999999999751e+00
2.304899999999999949e+01 1.459500000000000064e+01 5.924999999999999822e+00
2.185200000000000031e+01 1.542099999999999937e+01 6.357000000000000206e+00
2.150199999999999889e+01 1.628800000000000026e+01 5.530000000000000249e+00
2.439900000000000091e+01 1.503800000000000026e+01 6.514000000000000234e+00
2.549599999999999866e+01 1.397899999999999920e+01 6.552999999999999936e+00
2.566499999999999915e+01 1.323799999999999955e+01 5.258000000000000007e+00
2.680999999999999872e+01 1.468299999999999983e+01 6.974999999999999645e+00
2.095299999999999940e+01 2.355999999999999872e+00 1.455799999999999983e+01
2.112999999999999901e+01 3.724000000000000199e+00 1.502800000000000047e+01
1.979500000000000171e+01 4.323000000000000398e+00 1.549000000000000021e+01
1.881099999999999994e+01 4.251000000000000334e+00 1.473700000000000010e+01
2.169099999999999895e+01 4.634999999999999787e+00 1.386899999999999977e+01
2.308500000000000085e+01 4.182000000000000384e+00 1.341399999999999970e+01
2.162800000000000011e+01 6.126999999999999780e+00 1.432499999999999929e+01
2.348400000000000176e+01 4.729000000000000092e+00 1.198900000000000077e+01
1.978800000000000026e+01 4.817999999999999616e+00 1.670599999999999952e+01
1.857400000000000162e+01 5.445999999999999730e+00 1.726699999999999946e+01
1.861499999999999844e+01 6.932000000000000384e+00 1.692999999999999972e+01
1.966499999999999915e+01 7.576999999999999957e+00 1.713700000000000045e+01
1.858500000000000085e+01 5.168000000000000149e+00 1.879799999999999827e+01
1.741100000000000136e+01 5.847999999999999865e+00 1.949399999999999977e+01
1.869500000000000028e+01 3.685000000000000053e+00 1.903900000000000148e+01
1.750000000000000000e+01 7.442999999999999616e+00 1.644000000000000128e+01
1.733699999999999974e+01 8.862999999999999545e+00 1.611100000000000065e+01
1.810600000000000165e+01 9.301000000000000156e+00 1.487700000000000067e+01
1.844600000000000151e+01 1.048300000000000054e+01 1.473199999999999932e+01
1.759600000000000009e+01 9.737999999999999545e+00 1.735399999999999920e+01
1.648799999999999955e+01 9.617000000000000881e+00 1.838400000000000034e+01
1.533300000000000018e+01 9.221999999999999531e+00 1.808800000000000097e+01
1.679700000000000060e+01 9.946999999999999176e+00 1.963800000000000168e+01
1.834900000000000020e+01 8.339000000000000412e+00 1.403100000000000058e+01
1.902700000000000102e+01 8.515000000000000568e+00 1.275099999999999945e+01
1.798400000000000176e+01 8.919999999999999929e+00 1.171100000000000030e+01
1.685699999999999932e+01 9.398999999999999133e+00 1.198499999999999943e+01
1.837900000000000134e+01 8.733999999999999986e+00 1.048099999999999987e+01
1.756500000000000128e+01 9.064999999999999503e+00 9.313000000000000611e+00
1.803900000000000148e+01 8.132999999999999119e+00 8.217999999999999972e+00
1.920100000000000051e+01 7.676000000000000156e+00 8.215999999999999304e+00
1.778900000000000148e+01 1.049699999999999989e+01 8.816000000000000725e+00
