-3.499999999999999778e-01
1.000000000000000056e-01
5.500000000000000444e-01
-5.500000000000000444e-01
0.000000000000000000e+00
5.999999999999999778e-02
-1.199999999999999956e-01
5.999999999999999778e-02
-3.499999999999999778e-01
1.000000000000000056e-01
5.500000000000000444e-01
-5.500000000000000444e-01
0.000000000000000000e+00
-1.600000000000000033e-01
3.599999999999999867e-01
-5.999999999999999778e-01
-5.999999999999999778e-01
-3.499999999999999778e-01
1.000000000000000056e-01
5.500000000000000444e-01
-5.500000000000000444e-01
0.000000000000000000e+00
0.000000000000000000e+00
0.000000000000000000e+00
0.000000000000000000e+00
-3.499999999999999778e-01
1.000000000000000056e-01
5.500000000000000444e-01
-5.500000000000000444e-01
0.000000000000000000e+00
0.000000000000000000e+00
0.000000000000000000e+00
2.500000000000000000e-01
-2.999999999999999889e-01
-3.499999999999999778e-01
1.000000000000000056e-01
5.500000000000000444e-01
-5.500000000000000444e-01
0.000000000000000000e+00
5.500000000000000444e-01
-5.500000000000000444e-01
-5.999999999999999778e-01
-3.499999999999999778e-01
1.000000000000000056e-01
5.500000000000000444e-01
-5.500000000000000444e-01
2.500000000000000000e-01
-6.500000000000000222e-01
-3.499999999999999778e-01
1.000000000000000056e-01
5.500000000000000444e-01
-5.500000000000000444e-01
0.000000000000000000e+00
0.000000000000000000e+00
0.000000000000000000e+00
0.000000000000000000e+00
-3.499999999999999778e-01
1.000000000000000056e-01
5.500000000000000444e-01
-5.500000000000000444e-01
2.500000000000000000e-01
-6.500000000000000222e-01
-3.499999999999999778e-01
1.000000000000000056e-01
5.500000000000000444e-01
-5.500000000000000444e-01
-1.600000000000000033e-01
3.599999999999999867e-01
-5.999999999999999778e-01
-5.999999999999999778e-01
-3.499999999999999778e-01
1.000000000000000056e-01
5.500000000000000444e-01
-5.500000000000000444e-01
0.000000000000000000e+00
0.000000000000000000e+00
0.000000000000000000e+00
0.000000000000000000e+00
0.000000000000000000e+00
0.000000000000000000e+00
2.500000000000000000e-01
-6.500000000000000222e-01
-3.499999999999999778e-01
1.000000000000000056e-01
5.500000000000000444e-01
-5.500000000000000444e-01
2.500000000000000000e-01
-6.500000000000000222e-01
0.000000000000000000e+00
-3.499999999999999778e-01
1.000000000000000056e-01
5.500000000000000444e-01
-5.500000000000000444e-01
0.000000000000000000e+00
-1.600000000000000033e-01
3.599999999999999867e-01
-5.999999999999999778e-01
-5.999999999999999778e-01
-3.499999999999999778e-01
1.000000000000000056e-01
