-2.384000000000000008e-01
-4.859999999999999737e-02
-1.199999999999999956e-01
-1.590999999999999914e-01
-1.141999999999999960e-01
-1.590999999999999914e-01
-2.384000000000000008e-01
-4.859999999999999737e-02
-1.199999999999999956e-01
-1.590999999999999914e-01
-1.811000000000000110e-01
-2.384000000000000008e-01
-4.859999999999999737e-02
-1.199999999999999956e-01
-1.590999999999999914e-01
-4.859999999999999737e-02
-1.590999999999999914e-01
-1.811000000000000110e-01
-2.384000000000000008e-01
-4.859999999999999737e-02
-1.199999999999999956e-01
-1.590999999999999914e-01
-1.141999999999999960e-01
-1.199999999999999956e-01
-1.199999999999999956e-01
-1.199999999999999956e-01
-1.199999999999999956e-01
-1.199999999999999956e-01
-1.199999999999999956e-01
-1.590999999999999914e-01
-2.384000000000000008e-01
-4.859999999999999737e-02
-1.199999999999999956e-01
-1.590999999999999914e-01
-1.141999999999999960e-01
-1.199999999999999956e-01
-6.469000000000000306e-01
-6.469000000000000306e-01
-2.384000000000000008e-01
-4.859999999999999737e-02
-1.199999999999999956e-01
-1.590999999999999914e-01
-1.141999999999999960e-01
-2.384000000000000008e-01
-1.141999999999999960e-01
-1.199999999999999956e-01
-1.590999999999999914e-01
-2.384000000000000008e-01
-4.859999999999999737e-02
-1.199999999999999956e-01
-1.590999999999999914e-01
-1.141999999999999960e-01
-1.199999999999999956e-01
-1.199999999999999956e-01
-1.199999999999999956e-01
-1.199999999999999956e-01
-1.199999999999999956e-01
-1.199999999999999956e-01
-1.590999999999999914e-01
-2.384000000000000008e-01
-4.859999999999999737e-02
-1.199999999999999956e-01
-1.590999999999999914e-01
-1.141999999999999960e-01
-2.384000000000000008e-01
-4.859999999999999737e-02
-1.199999999999999956e-01
-1.590999999999999914e-01
-1.141999999999999960e-01
-1.199999999999999956e-01
-1.199999999999999956e-01
-1.199999999999999956e-01
-1.199999999999999956e-01
-1.199999999999999956e-01
-1.199999999999999956e-01
-2.384000000000000008e-01
-4.859999999999999737e-02
-1.199999999999999956e-01
-1.590999999999999914e-01
-1.141999999999999960e-01
-1.141999999999999960e-01
-1.199999999999999956e-01
-6.469000000000000306e-01
-6.469000000000000306e-01
-2.384000000000000008e-01
-4.859999999999999737e-02
-1.199999999999999956e-01
-1.590999999999999914e-01
-1.141999999999999960e-01
-1.141999999999999960e-01
-1.199999999999999956e-01
-6.469000000000000306e-01
-6.469000000000000306e-01
-2.384000000000000008e-01
-4.859999999999999737e-02
-1.199999999999999956e-01
-1.590999999999999914e-01
-1.141999999999999960e-01
-1.141999999999999960e-01
-1.199999999999999956e-01
