1.299399999999999977e+01 5.000000000000000000e+00 1.970599999999999952e+01
1.360699999999999932e+01 6.350999999999999979e+00 1.972200000000000131e+01
1.259800000000000075e+01 7.480999999999999872e+00 1.978099999999999881e+01
1.145899999999999963e+01 7.363000000000000433e+00 1.930900000000000105e+01
1.302399999999999913e+01 8.586000000000000298e+00 2.037800000000000011e+01
1.222300000000000075e+01 9.803000000000000824e+00 2.041300000000000026e+01
1.301900000000000013e+01 1.090300000000000047e+01 1.973400000000000176e+01
1.421000000000000085e+01 1.073300000000000054e+01 1.947299999999999898e+01
1.189400000000000013e+01 1.020299999999999940e+01 2.184600000000000009e+01
1.307399999999999984e+01 1.051399999999999935e+01 2.255499999999999972e+01
1.235399999999999920e+01 1.201800000000000068e+01 1.943799999999999883e+01
1.300900000000000034e+01 1.318800000000000061e+01 1.885200000000000031e+01
1.369599999999999973e+01 1.399900000000000055e+01 1.994000000000000128e+01
1.305499999999999972e+01 1.438700000000000045e+01 2.090800000000000125e+01
1.199399999999999977e+01 1.407199999999999918e+01 1.811899999999999977e+01
1.114899999999999913e+01 1.333799999999999919e+01 1.710000000000000142e+01
1.213899999999999935e+01 1.267999999999999972e+01 1.577399999999999913e+01
1.202500000000000036e+01 1.093800000000000061e+01 1.607600000000000051e+01
1.499300000000000033e+01 1.425399999999999956e+01 1.979100000000000037e+01
1.572899999999999920e+01 1.496400000000000041e+01 2.082199999999999918e+01
1.564000000000000057e+01 1.646099999999999852e+01 2.062199999999999989e+01
1.609499999999999886e+01 1.698699999999999832e+01 1.960800000000000054e+01
1.718799999999999883e+01 1.452599999999999980e+01 2.083999999999999986e+01
1.800199999999999889e+01 1.519599999999999973e+01 2.191400000000000148e+01
1.945100000000000051e+01 1.474499999999999922e+01 2.194399999999999906e+01
2.024800000000000111e+01 1.558699999999999974e+01 2.282600000000000051e+01
2.060200000000000031e+01 1.526399999999999935e+01 2.406400000000000006e+01
2.132499999999999929e+01 1.610500000000000043e+01 2.478699999999999903e+01
2.024399999999999977e+01 1.409500000000000064e+01 2.458200000000000074e+01
1.505899999999999928e+01 1.713800000000000168e+01 2.160300000000000153e+01
1.485500000000000043e+01 1.858500000000000085e+01 2.156299999999999883e+01
1.561599999999999966e+01 1.922800000000000153e+01 2.271000000000000085e+01
1.547300000000000075e+01 1.881299999999999883e+01 2.387699999999999889e+01
1.333999999999999986e+01 1.892800000000000082e+01 2.167699999999999960e+01
1.250399999999999956e+01 1.817899999999999849e+01 2.062500000000000000e+01
1.311700000000000088e+01 2.043700000000000117e+01 2.157600000000000051e+01
1.282099999999999973e+01 1.855099999999999838e+01 1.918199999999999861e+01
1.641799999999999926e+01 2.023999999999999844e+01 2.238299999999999912e+01
1.709299999999999997e+01 2.103800000000000026e+01 2.340200000000000102e+01
1.637500000000000000e+01 2.237500000000000000e+01 2.353099999999999881e+01
1.626000000000000156e+01 2.312600000000000122e+01 2.255499999999999972e+01
1.856899999999999906e+01 2.125400000000000134e+01 2.302400000000000091e+01
1.938599999999999923e+01 2.214799999999999969e+01 2.395599999999999952e+01
1.936599999999999966e+01 2.164199999999999946e+01 2.539799999999999969e+01
2.081599999999999895e+01 2.224699999999999989e+01 2.345100000000000051e+01
1.587800000000000011e+01 2.265700000000000003e+01 2.473900000000000077e+01
1.522899999999999920e+01 2.393599999999999994e+01 2.503200000000000003e+01
1.613299999999999912e+01 2.483200000000000074e+01 2.586199999999999832e+01
1.646600000000000108e+01 2.452799999999999869e+01 2.701000000000000156e+01
1.386899999999999977e+01 2.371799999999999997e+01 2.571300000000000097e+01
1.315700000000000003e+01 2.501899999999999835e+01 2.604599999999999937e+01
1.138199999999999967e+01 2.486700000000000088e+01 2.627499999999999858e+01
1.129299999999999926e+01 2.367299999999999827e+01 2.761700000000000088e+01
1.656899999999999906e+01 2.592299999999999827e+01 2.524200000000000088e+01
1.750700000000000145e+01 2.683999999999999986e+01 2.587999999999999901e+01
1.700499999999999901e+01 2.827299999999999969e+01 2.567699999999999960e+01
1.596700000000000053e+01 2.849399999999999977e+01 2.504100000000000037e+01
1.894600000000000151e+01 2.666199999999999903e+01 2.532499999999999929e+01
1.960300000000000153e+01 2.540599999999999881e+01 2.590700000000000003e+01
1.892200000000000060e+01 2.662099999999999866e+01 2.380999999999999872e+01
1.774599999999999866e+01 2.923699999999999832e+01 2.621900000000000119e+01
1.732000000000000028e+01 3.062300000000000111e+01 2.629200000000000159e+01
1.779700000000000060e+01 3.120499999999999829e+01 2.760800000000000054e+01
1.818900000000000006e+01 3.045899999999999963e+01 2.851399999999999935e+01
1.778300000000000125e+01 3.252799999999999869e+01 2.772200000000000131e+01
1.825499999999999901e+01 3.317699999999999960e+01 2.894999999999999929e+01
1.746600000000000108e+01 3.271600000000000108e+01 3.016700000000000159e+01
1.631500000000000128e+01 3.227400000000000091e+01 3.004200000000000159e+01
1.814600000000000080e+01 3.470300000000000296e+01 2.883099999999999952e+01
1.880900000000000105e+01 3.537700000000000244e+01 2.763100000000000023e+01
1.880799999999999983e+01 3.687700000000000244e+01 2.785000000000000142e+01
2.022700000000000031e+01 3.485600000000000165e+01 2.739199999999999946e+01
1.806899999999999906e+01 3.285000000000000142e+01 3.134900000000000020e+01
1.730699999999999861e+01 3.264000000000000057e+01 3.257699999999999818e+01
1.606400000000000006e+01 3.353199999999999648e+01 3.254599999999999937e+01
1.607100000000000151e+01 3.460999999999999943e+01 3.194399999999999906e+01
1.814600000000000080e+01 3.298899999999999721e+01 3.380400000000000205e+01
1.867000000000000171e+01 3.440500000000000114e+01 3.375300000000000011e+01
1.959199999999999875e+01 3.464600000000000080e+01 3.293900000000000006e+01
1.821399999999999864e+01 3.532999999999999829e+01 3.446300000000000097e+01
1.500799999999999912e+01 3.307099999999999795e+01 3.320499999999999829e+01
1.373600000000000065e+01 3.378699999999999903e+01 3.334700000000000131e+01
1.286800000000000033e+01 3.383800000000000097e+01 3.209000000000000341e+01
1.180700000000000038e+01 3.446900000000000119e+01 3.210300000000000153e+01
1.393999999999999950e+01 3.520700000000000074e+01 3.392600000000000193e+01
1.329299999999999926e+01 3.317000000000000171e+01 3.101399999999999935e+01
1.258200000000000074e+01 3.325300000000000011e+01 2.973799999999999955e+01
1.122899999999999920e+01 3.253300000000000125e+01 2.977199999999999847e+01
1.029599999999999937e+01 3.292300000000000182e+01 2.906700000000000017e+01
1.344599999999999973e+01 3.271200000000000330e+01 2.860099999999999909e+01
1.114199999999999946e+01 3.148400000000000176e+01 3.059799999999999898e+01
9.932999999999999829e+00 3.068400000000000105e+01 3.074299999999999855e+01
1.006799999999999962e+01 2.922700000000000031e+01 3.031200000000000117e+01
9.064000000000000057e+00 2.853099999999999881e+01 3.017000000000000171e+01
1.130499999999999972e+01 2.876200000000000045e+01 3.012300000000000111e+01
1.157499999999999929e+01 2.739000000000000057e+01 2.966700000000000159e+01
1.095500000000000007e+01 2.630199999999999960e+01 3.055000000000000071e+01
1.024699999999999989e+01 2.543100000000000094e+01 3.004799999999999827e+01
1.308099999999999952e+01 2.714699999999999847e+01 2.955799999999999983e+01
1.375500000000000078e+01 2.809100000000000108e+01 2.860000000000000142e+01
