-1.129000000000000004e+00 -3.423899999999999721e+01 5.425800000000000267e+01
-9.360000000000000542e-01 -3.279699999999999704e+01 5.392300000000000182e+01
2.100000000000000130e-02 -3.267699999999999960e+01 5.273199999999999932e+01
8.120000000000000551e-01 -3.358700000000000330e+01 5.247500000000000142e+01
-3.750000000000000000e-01 -3.205299999999999727e+01 5.514399999999999835e+01
-3.519999999999999796e-01 -3.064699999999999847e+01 5.494299999999999784e+01
-6.099999999999999867e-02 -3.156099999999999994e+01 5.200600000000000023e+01
7.960000000000000409e-01 -3.132700000000000173e+01 5.083800000000000097e+01
2.104999999999999982e+00 -3.063599999999999923e+01 5.121399999999999864e+01
2.119000000000000217e+00 -2.973499999999999943e+01 5.205899999999999750e+01
8.300000000000000433e-02 -3.044699999999999918e+01 4.977799999999999869e+01
-1.110000000000000098e+00 -3.110200000000000031e+01 4.932999999999999829e+01
9.909999999999999920e-01 -3.021000000000000085e+01 4.857800000000000296e+01
3.197999999999999954e+00 -3.105900000000000105e+01 5.058100000000000307e+01
4.517999999999999794e+00 -3.047200000000000131e+01 5.082500000000000284e+01
4.554999999999999716e+00 -2.902199999999999847e+01 5.033800000000000097e+01
5.562999999999999723e+00 -2.854799999999999827e+01 4.982200000000000273e+01
5.642999999999999794e+00 -3.126599999999999824e+01 5.010699999999999932e+01
5.402000000000000135e+00 -3.129200000000000159e+01 4.859100000000000108e+01
5.722000000000000419e+00 -3.267199999999999704e+01 5.067000000000000171e+01
4.166999999999999815e+00 -3.206600000000000250e+01 4.814500000000000313e+01
3.430000000000000160e+00 -2.833800000000000097e+01 5.050399999999999778e+01
3.258999999999999897e+00 -2.694800000000000040e+01 5.010900000000000176e+01
2.575000000000000178e+00 -2.626899999999999835e+01 5.127600000000000335e+01
3.004999999999999893e+00 -2.521699999999999875e+01 5.174000000000000199e+01
2.350000000000000089e+00 -2.684600000000000009e+01 4.888199999999999790e+01
1.903999999999999915e+00 -2.542699999999999960e+01 4.855700000000000216e+01
2.875000000000000000e+00 -2.471799999999999997e+01 4.764500000000000313e+01
4.096000000000000085e+00 -2.491100000000000136e+01 4.783400000000000318e+01
2.423999999999999932e+00 -2.396799999999999997e+01 4.674900000000000233e+01
1.500999999999999890e+00 -2.688899999999999935e+01 5.174699999999999989e+01
7.489999999999999991e-01 -2.634400000000000119e+01 5.286399999999999721e+01
1.483999999999999986e+00 -2.662300000000000111e+01 5.415699999999999648e+01
1.264999999999999902e+00 -2.594999999999999929e+01 5.515899999999999892e+01
-6.600000000000000311e-01 -2.694699999999999918e+01 5.292300000000000182e+01
-1.516999999999999904e+00 -2.640399999999999991e+01 5.407000000000000028e+01
-1.731999999999999984e+00 -2.489399999999999835e+01 5.399199999999999733e+01
-1.665000000000000036e+00 -2.423000000000000043e+01 5.505299999999999727e+01
-1.979000000000000092e+00 -2.437099999999999866e+01 5.288000000000000256e+01
2.346000000000000085e+00 -2.762999999999999901e+01 5.414600000000000080e+01
3.104999999999999982e+00 -2.792500000000000071e+01 5.534799999999999898e+01
4.355999999999999872e+00 -2.703500000000000014e+01 5.531600000000000250e+01
4.879999999999999893e+00 -2.664399999999999835e+01 5.635499999999999687e+01
3.451999999999999957e+00 -2.942299999999999827e+01 5.543200000000000216e+01
4.291999999999999815e+00 -2.998000000000000043e+01 5.429699999999999704e+01
4.363000000000000433e+00 -3.150499999999999901e+01 5.432600000000000051e+01
4.727000000000000313e+00 -3.210699999999999932e+01 5.534199999999999875e+01
4.017000000000000348e+00 -3.213499999999999801e+01 5.320600000000000307e+01
4.799000000000000377e+00 -2.669500000000000028e+01 5.410699999999999932e+01
5.943999999999999950e+00 -2.581800000000000139e+01 5.392600000000000193e+01
5.448999999999999844e+00 -2.446799999999999997e+01 5.439300000000000068e+01
6.189000000000000057e+00 -2.368900000000000006e+01 5.500200000000000244e+01
6.342999999999999972e+00 -2.574200000000000088e+01 5.245600000000000307e+01
4.182999999999999829e+00 -2.419099999999999895e+01 5.410699999999999932e+01
3.604999999999999982e+00 -2.293199999999999861e+01 5.452700000000000102e+01
3.500999999999999890e+00 -2.288599999999999923e+01 5.603999999999999915e+01
3.595000000000000195e+00 -2.181099999999999994e+01 5.663400000000000034e+01
2.217999999999999972e+00 -2.272299999999999898e+01 5.391400000000000148e+01
2.206999999999999851e+00 -2.243900000000000006e+01 5.241899999999999693e+01
8.269999999999999574e-01 -2.196600000000000108e+01 5.198400000000000176e+01
8.249999999999999556e-01 -2.147400000000000020e+01 5.055400000000000205e+01
-4.060000000000000275e-01 -2.070499999999999829e+01 5.024499999999999744e+01
3.307999999999999829e+00 -2.403800000000000026e+01 5.667300000000000182e+01
3.190999999999999837e+00 -2.403999999999999915e+01 5.812800000000000011e+01
4.583999999999999631e+00 -2.396199999999999974e+01 5.872299999999999898e+01
4.780000000000000249e+00 -2.334100000000000108e+01 5.976400000000000290e+01
2.456999999999999851e+00 -2.530000000000000071e+01 5.867999999999999972e+01
3.274000000000000021e+00 -2.645700000000000074e+01 5.849199999999999733e+01
1.122000000000000108e+00 -2.550199999999999889e+01 5.796999999999999886e+01
5.548000000000000043e+00 -2.458699999999999974e+01 5.805700000000000216e+01
6.932000000000000384e+00 -2.455099999999999838e+01 5.850800000000000267e+01
7.394000000000000128e+00 -2.309199999999999875e+01 5.851500000000000057e+01
7.935999999999999943e+00 -2.260500000000000043e+01 5.950699999999999790e+01
7.817999999999999616e+00 -2.537000000000000099e+01 5.757399999999999807e+01
9.294000000000000483e+00 -2.507100000000000151e+01 5.771600000000000108e+01
9.919000000000000483e+00 -2.416600000000000037e+01 5.687299999999999756e+01
1.005599999999999916e+01 -2.570499999999999829e+01 5.868500000000000227e+01
1.126399999999999935e+01 -2.390399999999999991e+01 5.699300000000000210e+01
1.140900000000000070e+01 -2.544200000000000017e+01 5.880899999999999750e+01
1.201200000000000045e+01 -2.454299999999999926e+01 5.796200000000000330e+01
7.142000000000000348e+00 -2.240299999999999869e+01 5.740699999999999648e+01
7.503000000000000114e+00 -2.100700000000000145e+01 5.725500000000000256e+01
6.812999999999999723e+00 -2.012399999999999878e+01 5.828199999999999648e+01
7.434000000000000163e+00 -1.921600000000000108e+01 5.884300000000000352e+01
7.171000000000000263e+00 -2.051300000000000168e+01 5.584199999999999875e+01
8.298000000000000043e+00 -2.038700000000000045e+01 5.481300000000000239e+01
9.596000000000000085e+00 -2.093299999999999983e+01 5.538499999999999801e+01
7.916999999999999815e+00 -2.111299999999999955e+01 5.353199999999999648e+01
5.533000000000000362e+00 -2.037300000000000111e+01 5.853300000000000125e+01
4.814000000000000057e+00 -1.956899999999999906e+01 5.951599999999999824e+01
5.474999999999999645e+00 -1.971600000000000108e+01 6.089800000000000324e+01
5.626999999999999780e+00 -1.873400000000000176e+01 6.161999999999999744e+01
3.326000000000000068e+00 -1.997700000000000031e+01 5.957600000000000051e+01
2.474000000000000199e+00 -1.900499999999999901e+01 6.041799999999999926e+01
2.652000000000000135e+00 -1.776899999999999835e+01 6.030100000000000193e+01
1.610999999999999988e+00 -1.946900000000000119e+01 6.119100000000000250e+01
5.871000000000000441e+00 -2.093299999999999983e+01 6.125900000000000034e+01
6.522999999999999687e+00 -2.114799999999999969e+01 6.254899999999999949e+01
7.871000000000000441e+00 -2.039199999999999946e+01 6.260300000000000153e+01
8.198000000000000398e+00 -1.975499999999999901e+01 6.361200000000000188e+01
