1.198499999999999943e+01 1.317099999999999937e+01 1.296700000000000053e+01
1.195599999999999952e+01 1.235800000000000054e+01 1.412299999999999933e+01
1.186200000000000010e+01 1.330700000000000038e+01 1.535800000000000054e+01
1.240099999999999980e+01 1.440499999999999936e+01 1.528899999999999970e+01
1.319100000000000072e+01 1.146599999999999930e+01 1.431400000000000006e+01
1.335399999999999920e+01 1.043299999999999983e+01 1.324099999999999966e+01
1.272100000000000009e+01 1.057900000000000063e+01 1.216999999999999993e+01
1.408799999999999919e+01 9.432999999999999829e+00 1.345599999999999952e+01
1.113700000000000045e+01 1.288199999999999967e+01 1.632900000000000063e+01
1.107699999999999996e+01 1.357499999999999929e+01 1.764699999999999847e+01
1.235299999999999976e+01 1.313299999999999912e+01 1.838800000000000168e+01
1.266399999999999970e+01 1.191499999999999915e+01 1.836899999999999977e+01
9.817000000000000171e+00 1.310500000000000043e+01 1.837000000000000099e+01
9.621000000000000441e+00 1.369200000000000017e+01 1.972500000000000142e+01
8.603999999999999204e+00 1.325500000000000078e+01 1.749099999999999966e+01
1.316000000000000014e+01 1.402200000000000024e+01 1.887199999999999989e+01
1.442800000000000082e+01 1.387500000000000000e+01 1.947700000000000031e+01
1.454599999999999937e+01 1.327100000000000080e+01 2.082700000000000173e+01
1.568099999999999916e+01 1.298199999999999932e+01 2.130199999999999960e+01
1.540000000000000036e+01 1.501099999999999923e+01 1.923300000000000054e+01
1.550300000000000011e+01 1.525799999999999912e+01 1.783999999999999986e+01
1.343399999999999928e+01 1.297100000000000009e+01 2.145200000000000173e+01
1.332699999999999996e+01 1.228400000000000070e+01 2.271399999999999864e+01
1.212899999999999956e+01 1.282499999999999929e+01 2.350499999999999901e+01
1.130799999999999983e+01 1.355100000000000016e+01 2.292200000000000060e+01
1.202500000000000036e+01 1.246799999999999997e+01 2.474399999999999977e+01
1.101399999999999935e+01 1.297400000000000020e+01 2.567599999999999838e+01
1.173499999999999943e+01 1.386899999999999977e+01 2.664699999999999847e+01
1.293200000000000038e+01 1.357799999999999940e+01 2.696799999999999997e+01
1.029700000000000060e+01 1.180599999999999916e+01 2.636700000000000088e+01
9.554000000000000270e+00 1.106199999999999939e+01 2.532499999999999929e+01
9.228999999999999204e+00 1.225999999999999979e+01 2.731200000000000117e+01
1.119299999999999962e+01 1.494599999999999973e+01 2.711299999999999955e+01
1.177399999999999913e+01 1.588100000000000023e+01 2.808099999999999952e+01
1.078899999999999970e+01 1.609400000000000119e+01 2.920400000000000063e+01
9.602999999999999758e+00 1.629899999999999949e+01 2.894399999999999906e+01
1.218900000000000006e+01 1.721999999999999886e+01 2.745599999999999952e+01
1.108399999999999963e+01 1.797299999999999898e+01 2.679299999999999926e+01
1.301099999999999923e+01 1.809400000000000119e+01 2.838800000000000168e+01
1.123199999999999932e+01 1.609400000000000119e+01 3.044999999999999929e+01
1.035899999999999999e+01 1.639399999999999835e+01 3.156400000000000006e+01
9.978999999999999204e+00 1.786899999999999977e+01 3.152100000000000080e+01
1.085599999999999987e+01 1.872400000000000020e+01 3.128200000000000003e+01
1.113299999999999912e+01 1.613100000000000023e+01 3.286099999999999710e+01
1.135899999999999999e+01 1.439300000000000068e+01 3.322599999999999909e+01
8.769999999999999574e+00 1.817500000000000071e+01 3.185300000000000153e+01
8.288000000000000256e+00 1.953600000000000136e+01 3.194500000000000028e+01
9.101000000000000867e+00 2.034600000000000009e+01 3.295199999999999818e+01
9.458000000000000185e+00 2.150799999999999912e+01 3.267600000000000193e+01
6.815000000000000391e+00 1.956299999999999883e+01 3.228099999999999881e+01
6.278999999999999915e+00 2.103699999999999903e+01 3.253900000000000148e+01
6.419999999999999929e+00 2.181099999999999994e+01 3.121000000000000085e+01
4.785000000000000142e+00 2.089000000000000057e+01 3.285900000000000176e+01
9.554000000000000270e+00 1.976699999999999946e+01 3.404699999999999704e+01
1.035599999999999987e+01 2.045200000000000173e+01 3.502300000000000324e+01
1.173399999999999999e+01 2.080099999999999838e+01 3.450600000000000023e+01
1.238499999999999979e+01 2.168499999999999872e+01 3.518500000000000227e+01
1.049300000000000033e+01 1.957700000000000173e+01 3.629099999999999682e+01
1.136700000000000088e+01 1.853500000000000014e+01 3.599499999999999744e+01
1.222300000000000075e+01 2.026000000000000156e+01 3.345799999999999841e+01
1.349499999999999922e+01 2.053500000000000014e+01 3.285000000000000142e+01
1.345199999999999996e+01 2.171199999999999974e+01 3.185099999999999909e+01
1.452699999999999925e+01 2.213500000000000156e+01 3.143199999999999861e+01
1.407499999999999929e+01 1.931899999999999906e+01 3.213199999999999790e+01
1.228500000000000014e+01 2.207600000000000051e+01 3.142399999999999949e+01
1.213100000000000023e+01 2.315200000000000102e+01 3.039999999999999858e+01
1.210100000000000087e+01 2.447100000000000009e+01 3.113899999999999935e+01
1.185399999999999920e+01 2.460500000000000043e+01 3.234100000000000108e+01
1.075500000000000078e+01 2.291000000000000014e+01 2.970100000000000051e+01
1.075699999999999967e+01 2.165200000000000102e+01 2.880399999999999849e+01
9.410000000000000142e+00 2.150600000000000023e+01 2.812800000000000011e+01
1.187100000000000044e+01 2.175600000000000023e+01 2.778200000000000003e+01
1.229400000000000048e+01 2.557199999999999918e+01 3.037000000000000099e+01
1.217999999999999972e+01 2.689300000000000068e+01 3.098799999999999955e+01
1.083799999999999919e+01 2.706200000000000117e+01 3.161499999999999844e+01
9.820999999999999730e+00 2.643599999999999994e+01 3.115800000000000125e+01
1.234800000000000075e+01 2.783500000000000085e+01 2.976099999999999923e+01
1.315900000000000070e+01 2.702700000000000102e+01 2.880000000000000071e+01
1.264400000000000013e+01 2.560900000000000176e+01 2.894699999999999918e+01
1.067600000000000016e+01 2.784299999999999997e+01 3.264999999999999858e+01
9.400000000000000355e+00 2.796699999999999875e+01 3.331900000000000261e+01
8.246999999999999886e+00 2.843900000000000006e+01 3.247399999999999665e+01
7.075999999999999623e+00 2.817699999999999960e+01 3.272099999999999653e+01
9.650999999999999801e+00 2.890399999999999991e+01 3.449000000000000199e+01
1.099499999999999922e+01 2.948699999999999832e+01 3.422800000000000153e+01
1.174300000000000033e+01 2.857900000000000063e+01 3.334700000000000131e+01
8.567000000000000171e+00 2.924200000000000088e+01 3.146399999999999864e+01
7.525999999999999801e+00 2.980199999999999960e+01 3.057100000000000151e+01
6.879999999999999893e+00 2.868400000000000105e+01 2.978300000000000125e+01
5.746000000000000441e+00 2.887699999999999889e+01 2.927299999999999969e+01
8.131000000000000227e+00 3.085600000000000165e+01 2.966900000000000048e+01
8.701000000000000512e+00 3.207399999999999807e+01 3.038500000000000156e+01
1.004199999999999982e+01 3.184199999999999875e+01 3.104500000000000171e+01
1.081300000000000061e+01 3.095599999999999952e+01 3.070400000000000063e+01
1.032300000000000040e+01 3.267399999999999949e+01 3.199899999999999878e+01
7.488999999999999879e+00 2.751099999999999923e+01 2.964199999999999946e+01
6.793000000000000149e+00 2.639699999999999847e+01 2.895400000000000063e+01
5.592999999999999972e+00 2.595200000000000173e+01 2.972400000000000020e+01
4.538999999999999702e+00 2.559600000000000009e+01 2.917999999999999972e+01
7.756000000000000227e+00 2.524500000000000099e+01 2.874599999999999866e+01
