-6.527999999999999581e+00 -2.669999999999999929e+00 5.504899999999999949e+01
-6.333000000000000185e+00 -3.958000000000000185e+00 5.577100000000000080e+01
-5.753000000000000114e+00 -3.737000000000000099e+00 5.716199999999999903e+01
-4.902000000000000135e+00 -2.866000000000000103e+00 5.737199999999999989e+01
-5.408999999999999808e+00 -4.883000000000000007e+00 5.497399999999999665e+01
-5.089999999999999858e+00 -6.043999999999999595e+00 5.572200000000000131e+01
-6.219000000000000306e+00 -4.538000000000000256e+00 5.811099999999999710e+01
-5.769000000000000128e+00 -4.442000000000000171e+00 5.948899999999999721e+01
-4.394000000000000128e+00 -5.070000000000000284e+00 5.967499999999999716e+01
-3.928999999999999826e+00 -5.216999999999999638e+00 6.080599999999999739e+01
-6.783999999999999808e+00 -5.113000000000000433e+00 6.041599999999999682e+01
-3.748000000000000220e+00 -5.450000000000000178e+00 5.857500000000000284e+01
-2.418000000000000149e+00 -6.049999999999999822e+00 5.865699999999999648e+01
-1.364000000000000101e+00 -4.974999999999999645e+00 5.890100000000000335e+01
-2.220000000000000029e-01 -5.277000000000000135e+00 5.925099999999999767e+01
-2.043000000000000149e+00 -6.858999999999999986e+00 5.737599999999999767e+01
-2.415999999999999925e+00 -6.126000000000000334e+00 5.620199999999999818e+01
-2.729000000000000092e+00 -8.217999999999999972e+00 5.739000000000000057e+01
-1.754999999999999893e+00 -3.717999999999999972e+00 5.871600000000000108e+01
-8.509999999999999787e-01 -2.604999999999999982e+00 5.895100000000000051e+01
-1.610999999999999988e+00 -1.477999999999999980e+00 5.964000000000000057e+01
-1.024999999999999911e+00 -4.709999999999999742e-01 6.004099999999999682e+01
-2.399999999999999911e-01 -2.123000000000000220e+00 5.763100000000000023e+01
-1.241999999999999993e+00 -1.608999999999999986e+00 5.663199999999999790e+01
-1.689000000000000057e+00 -2.889999999999999791e-01 5.667699999999999960e+01
-1.756999999999999895e+00 -2.447000000000000064e+00 5.564900000000000091e+01
-2.625000000000000000e+00 1.849999999999999978e-01 5.576400000000000290e+01
-2.693999999999999950e+00 -1.987000000000000099e+00 5.473299999999999699e+01
-3.121999999999999886e+00 -6.720000000000000417e-01 5.479699999999999704e+01
-4.043999999999999595e+00 -2.169999999999999984e-01 5.388900000000000290e+01
-2.923000000000000043e+00 -1.653999999999999915e+00 5.978099999999999881e+01
-3.749000000000000110e+00 -6.470000000000000195e-01 6.043900000000000006e+01
-3.458000000000000185e+00 -6.270000000000000018e-01 6.193099999999999739e+01
-3.673999999999999932e+00 3.860000000000000098e-01 6.259499999999999886e+01
-5.248000000000000220e+00 -9.290000000000000480e-01 6.023199999999999932e+01
-5.741999999999999993e+00 -5.170000000000000151e-01 5.885799999999999699e+01
-5.325999999999999623e+00 5.580000000000000515e-01 5.837599999999999767e+01
-6.559999999999999609e+00 -1.258000000000000007e+00 5.826700000000000301e+01
-2.970000000000000195e+00 -1.752000000000000002e+00 6.245000000000000284e+01
-2.662999999999999812e+00 -1.885000000000000009e+00 6.387500000000000000e+01
-2.028999999999999915e+00 -6.270000000000000018e-01 6.446899999999999409e+01
-1.338000000000000078e+00 1.260000000000000009e-01 6.377300000000000324e+01
-1.747999999999999998e+00 -3.084000000000000075e+00 6.409999999999999432e+01
-2.278999999999999915e+00 -4.010000000000000231e-01 6.575700000000000500e+01
-1.717000000000000082e+00 7.570000000000000062e-01 6.643000000000000682e+01
-2.790000000000000258e-01 4.570000000000000173e-01 6.680100000000000193e+01
1.419999999999999873e-01 -6.989999999999999547e-01 6.675499999999999545e+01
4.859999999999999876e-01 1.479000000000000092e+00 6.717100000000000648e+01
1.874000000000000110e+00 1.250000000000000000e+00 6.752700000000000102e+01
1.985000000000000098e+00 4.020000000000000240e-01 6.879500000000000171e+01
1.431999999999999940e+00 7.540000000000000036e-01 6.983299999999999841e+01
2.608000000000000096e+00 2.576000000000000068e+00 6.774200000000000443e+01
4.107000000000000206e+00 2.403000000000000025e+00 6.776300000000000523e+01
4.855999999999999872e+00 2.524000000000000021e+00 6.659699999999999420e+01
4.766000000000000014e+00 2.032999999999999918e+00 6.893399999999999750e+01
6.227999999999999758e+00 2.274000000000000021e+00 6.659600000000000364e+01
6.133000000000000007e+00 1.780999999999999917e+00 6.894199999999999307e+01
6.857000000000000206e+00 1.897999999999999909e+00 6.777299999999999613e+01
8.201000000000000512e+00 1.614000000000000101e+00 6.777299999999999613e+01
2.697000000000000064e+00 -7.139999999999999680e-01 6.870799999999999841e+01
2.880999999999999783e+00 -1.582999999999999963e+00 6.986499999999999488e+01
4.201999999999999957e+00 -1.193000000000000060e+00 7.051500000000000057e+01
5.274000000000000021e+00 -1.550000000000000044e+00 7.002200000000000557e+01
2.912999999999999812e+00 -3.043000000000000149e+00 6.943200000000000216e+01
4.121000000000000441e+00 -4.510000000000000120e-01 7.161700000000000443e+01
5.314000000000000057e+00 7.000000000000000146e-03 7.231900000000000261e+01
6.108999999999999986e+00 -1.104000000000000092e+00 7.298499999999999943e+01
5.565999999999999837e+00 -2.145000000000000018e+00 7.336400000000000432e+01
4.947000000000000064e+00 1.062999999999999945e+00 7.336899999999999977e+01
4.376000000000000334e+00 2.317000000000000171e+00 7.278600000000000136e+01
3.004999999999999893e+00 2.545999999999999819e+00 7.280299999999999727e+01
5.206999999999999851e+00 3.251999999999999780e+00 7.218200000000000216e+01
2.466000000000000192e+00 3.693999999999999950e+00 7.222299999999999898e+01
4.682000000000000384e+00 4.400999999999999801e+00 7.159699999999999420e+01
3.307999999999999829e+00 4.623999999999999666e+00 7.161700000000000443e+01
7.410999999999999588e+00 -8.659999999999999920e-01 7.311899999999999977e+01
8.314999999999999503e+00 -1.816000000000000059e+00 7.374399999999999977e+01
8.051000000000000156e+00 -1.852000000000000091e+00 7.524599999999999511e+01
8.194000000000000838e+00 -8.399999999999999689e-01 7.593500000000000227e+01
9.763999999999999346e+00 -1.401000000000000023e+00 7.347799999999999443e+01
1.082699999999999996e+01 -2.250000000000000000e+00 7.416899999999999693e+01
1.088100000000000023e+01 -3.680000000000000160e+00 7.365500000000000114e+01
1.093399999999999928e+01 -3.875000000000000000e+00 7.241899999999999693e+01
1.087800000000000011e+01 -4.610000000000000320e+00 7.449099999999999966e+01
7.647999999999999687e+00 -3.016000000000000014e+00 7.574699999999999989e+01
7.376999999999999780e+00 -3.176000000000000156e+00 7.716800000000000637e+01
8.679999999999999716e+00 -3.029999999999999805e+00 7.793999999999999773e+01
9.757999999999999119e+00 -3.330000000000000071e+00 7.742100000000000648e+01
6.772000000000000242e+00 -4.554000000000000270e+00 7.745099999999999341e+01
5.373000000000000220e+00 -4.761000000000000121e+00 7.688299999999999557e+01
4.766000000000000014e+00 -6.094000000000000306e+00 7.729800000000000182e+01
4.692000000000000171e+00 -6.362000000000000099e+00 7.851900000000000546e+01
4.360999999999999766e+00 -6.873999999999999666e+00 7.640300000000000580e+01
8.576000000000000512e+00 -2.564999999999999947e+00 7.917799999999999727e+01
9.755000000000000782e+00 -2.386000000000000121e+00 8.001500000000000057e+01
1.082000000000000028e+01 -1.614999999999999991e+00 7.924899999999999523e+01
1.194400000000000084e+01 -2.087000000000000188e+00 7.906900000000000261e+01
1.029700000000000060e+01 -3.750999999999999890e+00 8.044799999999999329e+01
9.336999999999999744e+00 -4.530999999999999694e+00 8.133499999999999375e+01
9.775999999999999801e+00 -5.964999999999999858e+00 8.156000000000000227e+01
