2.550300000000000011e+01 1.260000000000000009e+00 5.863499999999999801e+01
2.562999999999999901e+01 2.325000000000000178e+00 5.766599999999999682e+01
2.665299999999999869e+01 3.346000000000000085e+00 5.810600000000000165e+01
2.683800000000000097e+01 4.421999999999999709e+00 5.751599999999999824e+01
2.729700000000000060e+01 2.928999999999999826e+00 5.918800000000000239e+01
2.833399999999999963e+01 3.616000000000000103e+00 5.991599999999999682e+01
2.801599999999999824e+01 3.814999999999999947e+00 6.139600000000000080e+01
2.815200000000000102e+01 2.870999999999999996e+00 6.216199999999999903e+01
2.911700000000000088e+01 4.716000000000000192e+00 5.916199999999999903e+01
3.032999999999999829e+01 4.187999999999999723e+00 5.841899999999999693e+01
3.022299999999999898e+01 2.904999999999999805e+00 5.812599999999999767e+01
3.131400000000000006e+01 4.863999999999999879e+00 5.812800000000000011e+01
2.757400000000000162e+01 5.006000000000000227e+00 6.180199999999999960e+01
2.726699999999999946e+01 5.296000000000000263e+00 6.320400000000000063e+01
2.581200000000000117e+01 5.089999999999999858e+00 6.363700000000000045e+01
2.485699999999999932e+01 5.637999999999999901e+00 6.307900000000000063e+01
2.773300000000000054e+01 6.697000000000000064e+00 6.354399999999999693e+01
2.906099999999999994e+01 6.703999999999999737e+00 6.428199999999999648e+01
2.975700000000000145e+01 8.055999999999999162e+00 6.426999999999999602e+01
3.128200000000000003e+01 7.939000000000000057e+00 6.426699999999999591e+01
3.198600000000000065e+01 9.234999999999999432e+00 6.425000000000000000e+01
2.562099999999999866e+01 4.293000000000000149e+00 6.467600000000000193e+01
2.428399999999999892e+01 4.059999999999999609e+00 6.514199999999999591e+01
2.366100000000000136e+01 5.363000000000000433e+00 6.558700000000000330e+01
2.430900000000000105e+01 6.307999999999999829e+00 6.603400000000000603e+01
2.437099999999999866e+01 3.055000000000000160e+00 6.630100000000000193e+01
2.581800000000000139e+01 2.600000000000000089e+00 6.635099999999999909e+01
2.661899999999999977e+01 3.593999999999999861e+00 6.551300000000000523e+01
2.236400000000000077e+01 5.400999999999999801e+00 6.545999999999999375e+01
2.162300000000000111e+01 6.581000000000000405e+00 6.581199999999999761e+01
2.182999999999999829e+01 7.094000000000000306e+00 6.724699999999999989e+01
2.199500000000000099e+01 8.304000000000000270e+00 6.746599999999999397e+01
2.019000000000000128e+01 6.357999999999999652e+00 6.542300000000000182e+01
1.944099999999999895e+01 7.665000000000000036e+00 6.553499999999999659e+01
1.959199999999999875e+01 5.261000000000000121e+00 6.630200000000000671e+01
1.816199999999999903e+01 7.520999999999999908e+00 6.634300000000000352e+01
2.186299999999999955e+01 6.176999999999999602e+00 6.821399999999999864e+01
2.207300000000000040e+01 6.536999999999999922e+00 6.961199999999999477e+01
2.340700000000000003e+01 7.208000000000000185e+00 6.984499999999999886e+01
2.355699999999999861e+01 8.087999999999999190e+00 7.069100000000000250e+01
2.185600000000000165e+01 5.365999999999999659e+00 7.058100000000000307e+01
2.265899999999999892e+01 4.177999999999999936e+00 7.020900000000000318e+01
2.392000000000000171e+01 3.930000000000000160e+00 7.060200000000000387e+01
2.225600000000000023e+01 3.069999999999999840e+00 6.939300000000000068e+01
2.434600000000000009e+01 2.745000000000000107e+00 7.006900000000000261e+01
2.333699999999999974e+01 2.188000000000000167e+00 6.934000000000000341e+01
2.108399999999999963e+01 2.729000000000000092e+00 6.872400000000000375e+01
2.327599999999999980e+01 9.859999999999999876e-01 6.862800000000000011e+01
2.101899999999999835e+01 1.538999999999999924e+00 6.802100000000000080e+01
2.210699999999999932e+01 6.700000000000000400e-01 6.798000000000000398e+01
2.437900000000000134e+01 6.804000000000000270e+00 6.905400000000000205e+01
2.567999999999999972e+01 7.418999999999999595e+00 6.911799999999999500e+01
2.552700000000000102e+01 8.846000000000000085e+00 6.861899999999999977e+01
2.595499999999999829e+01 9.810999999999999943e+00 6.923600000000000421e+01
2.664499999999999957e+01 6.671999999999999709e+00 6.819799999999999329e+01
2.746399999999999864e+01 5.626000000000000334e+00 6.896099999999999852e+01
2.842999999999999972e+01 6.320000000000000284e+00 6.985299999999999443e+01
2.925799999999999912e+01 7.113000000000000433e+00 6.944700000000000273e+01
2.823000000000000043e+01 6.043999999999999595e+00 7.110999999999999943e+01
2.488599999999999923e+01 8.980999999999999872e+00 6.747700000000000387e+01
2.468100000000000094e+01 1.029199999999999982e+01 6.690600000000000591e+01
2.389300000000000068e+01 1.123499999999999943e+01 6.781600000000000250e+01
2.429700000000000060e+01 1.237100000000000044e+01 6.809000000000000341e+01
2.397599999999999909e+01 1.018999999999999950e+01 6.554300000000000637e+01
2.452499999999999858e+01 9.087999999999999190e+00 6.462000000000000455e+01
2.393700000000000117e+01 9.182999999999999829e+00 6.321600000000000108e+01
2.357400000000000162e+01 1.027800000000000047e+01 6.275699999999999790e+01
2.381700000000000017e+01 8.041000000000000369e+00 6.252700000000000102e+01
2.273000000000000043e+01 1.077599999999999980e+01 6.825600000000000023e+01
2.193599999999999994e+01 1.160800000000000054e+01 6.911799999999999500e+01
2.263500000000000156e+01 1.186999999999999922e+01 7.045900000000000318e+01
2.269099999999999895e+01 1.300300000000000011e+01 7.090999999999999659e+01
2.055600000000000094e+01 1.100000000000000000e+01 6.935899999999999466e+01
1.979799999999999827e+01 1.094100000000000072e+01 6.805700000000000216e+01
1.977899999999999991e+01 1.183699999999999974e+01 7.036899999999999977e+01
2.023600000000000065e+01 1.206199999999999939e+01 6.712300000000000466e+01
2.317099999999999937e+01 1.081700000000000017e+01 7.110599999999999454e+01
2.383099999999999952e+01 1.098499999999999943e+01 7.238800000000000523e+01
2.493499999999999872e+01 1.201699999999999946e+01 7.230400000000000205e+01
2.496399999999999864e+01 1.298199999999999932e+01 7.305400000000000205e+01
2.583599999999999852e+01 1.180599999999999916e+01 7.135599999999999454e+01
2.694500000000000028e+01 1.272499999999999964e+01 7.117000000000000171e+01
2.651000000000000156e+01 1.414199999999999946e+01 7.093099999999999739e+01
2.704599999999999937e+01 1.508999999999999986e+01 7.148999999999999488e+01
2.782700000000000173e+01 1.230899999999999928e+01 7.001500000000000057e+01
2.880900000000000105e+01 1.141399999999999970e+01 7.048699999999999477e+01
2.554100000000000037e+01 1.433000000000000007e+01 7.006600000000000250e+01
2.518799999999999883e+01 1.571599999999999930e+01 6.982899999999999352e+01
2.453900000000000148e+01 1.635900000000000176e+01 7.104500000000000171e+01
2.470599999999999952e+01 1.754799999999999827e+01 7.131900000000000261e+01
2.439199999999999946e+01 1.590399999999999991e+01 6.854399999999999693e+01
2.321199999999999974e+01 1.513299999999999912e+01 6.860500000000000398e+01
2.378699999999999903e+01 1.554800000000000004e+01 7.177400000000000091e+01
2.310800000000000054e+01 1.601899999999999835e+01 7.296999999999999886e+01
2.411499999999999844e+01 1.650000000000000000e+01 7.400700000000000500e+01
2.401000000000000156e+01 1.759799999999999898e+01 7.456799999999999784e+01
2.227799999999999869e+01 1.488299999999999912e+01 7.360599999999999454e+01
2.166300000000000026e+01 1.537299999999999933e+01 7.489499999999999602e+01
2.047500000000000142e+01 1.610200000000000031e+01 7.489300000000000068e+01
2.228500000000000014e+01 1.512800000000000011e+01 7.611899999999999977e+01
