-7.990000000000000435e-01 5.243099999999999739e+01 9.583400000000000318e+01
-1.389999999999999902e+00 5.372200000000000131e+01 9.627800000000000580e+01
-2.721999999999999975e+00 5.342300000000000182e+01 9.699200000000000443e+01
-3.604999999999999982e+00 5.284599999999999653e+01 9.637699999999999534e+01
-1.675999999999999934e+00 5.458599999999999852e+01 9.501800000000000068e+01
-3.900000000000000133e-01 5.491599999999999682e+01 9.428600000000000136e+01
-2.439000000000000057e+00 5.583700000000000330e+01 9.542700000000000671e+01
4.189999999999999836e-01 5.606199999999999761e+01 9.486499999999999488e+01
-2.797000000000000153e+00 5.378099999999999881e+01 9.827299999999999613e+01
-4.065999999999999837e+00 5.365100000000000335e+01 9.900700000000000500e+01
-4.828999999999999737e+00 5.496999999999999886e+01 9.895300000000000296e+01
-4.275999999999999801e+00 5.604200000000000159e+01 9.914400000000000546e+01
-3.741999999999999993e+00 5.334100000000000108e+01 1.005090000000000003e+02
-5.070999999999999730e+00 5.304999999999999716e+01 1.012120000000000033e+02
-2.802000000000000046e+00 5.216599999999999682e+01 1.006449999999999960e+02
-6.158999999999999808e+00 5.491700000000000159e+01 9.870399999999999352e+01
-6.959999999999999964e+00 5.612400000000000233e+01 9.878199999999999648e+01
-6.854000000000000092e+00 5.702400000000000091e+01 9.756300000000000239e+01
-7.147999999999999687e+00 5.822200000000000131e+01 9.760999999999999943e+01
-6.400000000000000355e+00 5.645199999999999818e+01 9.644599999999999795e+01
-6.182999999999999829e+00 5.718500000000000227e+01 9.521800000000000352e+01
-7.334999999999999964e+00 5.705199999999999960e+01 9.424099999999999966e+01
-8.467999999999999972e+00 5.664999999999999858e+01 9.457399999999999807e+01
-7.030999999999999694e+00 5.738799999999999812e+01 9.298999999999999488e+01
-7.951999999999999957e+00 5.719599999999999795e+01 9.187300000000000466e+01
-7.216999999999999638e+00 5.664200000000000301e+01 9.066800000000000637e+01
-5.955000000000000071e+00 5.673199999999999932e+01 9.057399999999999807e+01
-8.648999999999999133e+00 5.852600000000000335e+01 9.154999999999999716e+01
-7.682000000000000384e+00 5.960300000000000153e+01 9.109199999999999875e+01
-7.043999999999999595e+00 6.039000000000000057e+01 9.204999999999999716e+01
-7.456999999999999851e+00 5.984100000000000108e+01 8.974899999999999523e+01
-6.160999999999999588e+00 6.138499999999999801e+01 9.165500000000000114e+01
-6.559000000000000163e+00 6.082600000000000051e+01 8.935299999999999443e+01
-5.910000000000000142e+00 6.157099999999999795e+01 9.031699999999999307e+01
-5.030999999999999694e+00 6.257200000000000273e+01 8.994799999999999329e+01
-7.908000000000000362e+00 5.600999999999999801e+01 8.974399999999999977e+01
-7.256000000000000227e+00 5.546000000000000085e+01 8.854399999999999693e+01
-6.868999999999999773e+00 5.661099999999999710e+01 8.761799999999999500e+01
-7.703999999999999737e+00 5.742600000000000193e+01 8.720900000000000318e+01
-8.064999999999999503e+00 5.441299999999999670e+01 8.781199999999999761e+01
-8.497999999999999332e+00 5.333500000000000085e+01 8.865200000000000102e+01
-7.355000000000000426e+00 5.388499999999999801e+01 8.657800000000000296e+01
-5.572000000000000064e+00 5.670799999999999841e+01 8.731799999999999784e+01
-5.118999999999999773e+00 5.778900000000000148e+01 8.642100000000000648e+01
-5.777999999999999581e+00 5.763100000000000023e+01 8.505200000000000671e+01
-6.051999999999999602e+00 5.651700000000000301e+01 8.462099999999999511e+01
-3.595000000000000195e+00 5.771900000000000119e+01 8.622700000000000387e+01
-2.532000000000000028e+00 5.745199999999999818e+01 8.764900000000000091e+01
-5.995000000000000107e+00 5.873899999999999721e+01 8.433400000000000318e+01
-6.326999999999999957e+00 5.859300000000000352e+01 8.289700000000000557e+01
-5.254999999999999893e+00 5.789500000000000313e+01 8.209799999999999898e+01
-4.041000000000000369e+00 5.806300000000000239e+01 8.238200000000000500e+01
-6.709999999999999964e+00 5.997599999999999909e+01 8.239199999999999591e+01
-5.626999999999999780e+00 5.705100000000000193e+01 8.112099999999999511e+01
-4.639000000000000234e+00 5.623400000000000176e+01 8.040800000000000125e+01
-3.556000000000000050e+00 5.709899999999999665e+01 7.978400000000000603e+01
-3.811999999999999833e+00 5.805199999999999960e+01 7.904699999999999704e+01
-5.299000000000000377e+00 5.536299999999999955e+01 7.932599999999999341e+01
-2.299999999999999822e+00 5.675200000000000244e+01 8.007999999999999829e+01
-1.131000000000000005e+00 5.738600000000000279e+01 7.951600000000000534e+01
-1.026999999999999913e+00 5.886699999999999733e+01 7.984999999999999432e+01
-3.390000000000000235e-01 5.961800000000000210e+01 7.913599999999999568e+01
-1.048000000000000043e+00 5.719400000000000261e+01 7.799699999999999989e+01
-1.112000000000000099e+00 5.573799999999999955e+01 7.759399999999999409e+01
-2.088000000000000078e+00 5.531400000000000006e+01 7.697499999999999432e+01
-1.000000000000000056e-01 5.496500000000000341e+01 7.795799999999999841e+01
-1.659999999999999920e+00 5.928799999999999670e+01 8.094899999999999807e+01
-1.590999999999999970e+00 6.067300000000000182e+01 8.139600000000000080e+01
-3.609999999999999876e-01 6.096300000000000097e+01 8.223699999999999477e+01
-7.599999999999999811e-02 6.213100000000000023e+01 8.258199999999999363e+01
-2.862000000000000099e+00 6.110000000000000142e+01 8.214400000000000546e+01
-2.987999999999999989e+00 6.037899999999999778e+01 8.335500000000000398e+01
3.860000000000000098e-01 5.992399999999999949e+01 8.260500000000000398e+01
1.625000000000000000e+00 6.008400000000000318e+01 8.335599999999999454e+01
2.786000000000000032e+00 5.945100000000000051e+01 8.259499999999999886e+01
3.241999999999999993e+00 5.833800000000000097e+01 8.288200000000000500e+01
1.475000000000000089e+00 5.932999999999999829e+01 8.472700000000000387e+01
1.120000000000000023e-01 5.967999999999999972e+01 8.533199999999999363e+01
2.604999999999999982e+00 5.968500000000000227e+01 8.565600000000000591e+01
8.500000000000000611e-02 6.104800000000000182e+01 8.596399999999999864e+01
3.289000000000000146e+00 6.012400000000000233e+01 8.156399999999999295e+01
3.983000000000000096e+00 5.945000000000000284e+01 8.048199999999999932e+01
5.440999999999999837e+00 5.919299999999999784e+01 8.090999999999999659e+01
6.136999999999999567e+00 5.844800000000000040e+01 8.023300000000000409e+01
4.001999999999999780e+00 6.041100000000000136e+01 7.926399999999999579e+01
3.669000000000000039e+00 6.173799999999999955e+01 7.994199999999999307e+01
2.732000000000000206e+00 6.140899999999999892e+01 8.109499999999999886e+01
5.825000000000000178e+00 5.978499999999999659e+01 8.205100000000000193e+01
7.214999999999999858e+00 5.952199999999999847e+01 8.253000000000000114e+01
7.235000000000000320e+00 5.834799999999999898e+01 8.350300000000000011e+01
8.305999999999999162e+00 5.795000000000000284e+01 8.397199999999999420e+01
7.695999999999999730e+00 6.080899999999999750e+01 8.326099999999999568e+01
6.698999999999999844e+00 6.135300000000000153e+01 8.425799999999999557e+01
6.567999999999999616e+00 6.078199999999999648e+01 8.553900000000000148e+01
5.817000000000000171e+00 6.238199999999999790e+01 8.393099999999999739e+01
5.637999999999999901e+00 6.124199999999999733e+01 8.644799999999999329e+01
4.884999999999999787e+00 6.283400000000000318e+01 8.484499999999999886e+01
4.794999999999999929e+00 6.226899999999999835e+01 8.610699999999999932e+01
3.849000000000000199e+00 6.274499999999999744e+01 8.699399999999999977e+01
6.102999999999999758e+00 5.774399999999999977e+01 8.385399999999999920e+01
