2.253000000000000114e+00 -1.647500000000000142e+01 1.886799999999999855e+01
2.944999999999999840e+00 -1.516399999999999970e+01 1.882300000000000040e+01
4.136000000000000121e+00 -1.517399999999999949e+01 1.977100000000000080e+01
4.096000000000000085e+00 -1.596499999999999986e+01 2.074599999999999866e+01
1.977000000000000091e+00 -1.402100000000000080e+01 1.925900000000000034e+01
1.193000000000000060e+00 -1.419999999999999929e+01 2.087800000000000011e+01
5.011999999999999567e+00 -1.414400000000000013e+01 1.966400000000000148e+01
6.035000000000000142e+00 -1.379599999999999937e+01 2.066700000000000159e+01
7.192999999999999616e+00 -1.480300000000000082e+01 2.074200000000000088e+01
8.009999999999999787e+00 -1.476600000000000001e+01 2.168299999999999983e+01
7.243999999999999773e+00 -1.575999999999999979e+01 1.985800000000000054e+01
8.278999999999999915e+00 -1.679100000000000037e+01 1.992899999999999849e+01
9.007999999999999119e+00 -1.694999999999999929e+01 1.858699999999999974e+01
8.631000000000000227e+00 -1.782400000000000162e+01 1.775900000000000034e+01
7.636999999999999567e+00 -1.814399999999999835e+01 2.037000000000000099e+01
8.740000000000000213e+00 -1.923000000000000043e+01 2.043499999999999872e+01
6.921000000000000263e+00 -1.804200000000000159e+01 2.173100000000000165e+01
9.952999999999999403e+00 -1.606800000000000139e+01 1.828600000000000136e+01
1.059900000000000020e+01 -1.606200000000000117e+01 1.697599999999999909e+01
1.116699999999999982e+01 -1.740299999999999869e+01 1.652199999999999847e+01
1.199300000000000033e+01 -1.798499999999999943e+01 1.725700000000000145e+01
1.172400000000000020e+01 -1.503800000000000026e+01 1.704700000000000060e+01
1.153899999999999970e+01 -1.426600000000000001e+01 1.834400000000000119e+01
1.040799999999999947e+01 -1.497199999999999953e+01 1.912099999999999866e+01
1.109600000000000009e+01 -1.765599999999999881e+01 1.524099999999999966e+01
1.189300000000000068e+01 -1.873900000000000077e+01 1.466499999999999915e+01
1.341099999999999959e+01 -1.854100000000000037e+01 1.480700000000000038e+01
1.412899999999999956e+01 -1.953999999999999915e+01 1.491000000000000014e+01
1.147799999999999976e+01 -1.903200000000000003e+01 1.319999999999999929e+01
1.397100000000000009e+01 -1.735900000000000176e+01 1.457799999999999940e+01
1.539199999999999946e+01 -1.713200000000000145e+01 1.475399999999999956e+01
1.551200000000000045e+01 -1.636199999999999832e+01 1.607100000000000151e+01
1.497799999999999976e+01 -1.521400000000000041e+01 1.612600000000000122e+01
1.605600000000000094e+01 -1.618900000000000006e+01 1.368800000000000061e+01
1.574600000000000044e+01 -1.629200000000000159e+01 1.218800000000000061e+01
1.752799999999999869e+01 -1.585399999999999920e+01 1.396499999999999986e+01
1.563299999999999912e+01 -1.769500000000000028e+01 1.174600000000000044e+01
1.610300000000000153e+01 -1.696600000000000108e+01 1.708800000000000097e+01
1.622100000000000009e+01 -1.631500000000000128e+01 1.837800000000000011e+01
1.720599999999999952e+01 -1.515000000000000036e+01 1.837399999999999878e+01
1.831400000000000006e+01 -1.521799999999999997e+01 1.779100000000000037e+01
1.670799999999999841e+01 -1.734100000000000108e+01 1.939199999999999946e+01
1.563100000000000023e+01 -1.842200000000000060e+01 1.964799999999999969e+01
1.461500000000000021e+01 -1.780699999999999861e+01 2.060300000000000153e+01
1.506300000000000061e+01 -1.733800000000000097e+01 2.168400000000000105e+01
1.335299999999999976e+01 -1.761100000000000065e+01 2.016199999999999903e+01
1.680099999999999838e+01 -1.405199999999999960e+01 1.901500000000000057e+01
1.765800000000000125e+01 -1.287400000000000055e+01 1.919000000000000128e+01
1.888200000000000145e+01 -1.319899999999999984e+01 2.003999999999999915e+01
1.871300000000000097e+01 -1.397100000000000009e+01 2.100799999999999912e+01
1.683399999999999963e+01 -1.176500000000000057e+01 1.988500000000000156e+01
1.546000000000000085e+01 -1.234500000000000064e+01 2.010600000000000165e+01
1.547499999999999964e+01 -1.381300000000000061e+01 1.960200000000000031e+01
2.002199999999999847e+01 -1.261400000000000077e+01 1.970299999999999940e+01
2.120100000000000051e+01 -1.265199999999999925e+01 2.050900000000000034e+01
2.138100000000000023e+01 -1.126699999999999946e+01 2.110699999999999932e+01
2.171399999999999864e+01 -1.027699999999999925e+01 2.040599999999999881e+01
2.250100000000000122e+01 -1.308699999999999974e+01 1.973999999999999844e+01
2.381899999999999906e+01 -1.298300000000000054e+01 2.056200000000000117e+01
2.239699999999999847e+01 -1.443299999999999983e+01 1.902299999999999969e+01
2.122899999999999920e+01 -1.120199999999999996e+01 2.236899999999999977e+01
2.151599999999999824e+01 -9.977999999999999758e+00 2.307700000000000173e+01
2.277400000000000091e+01 -1.012199999999999989e+01 2.391799999999999926e+01
2.278800000000000026e+01 -1.092300000000000004e+01 2.487600000000000122e+01
2.037099999999999866e+01 -9.625999999999999446e+00 2.405300000000000082e+01
1.909100000000000108e+01 -9.256000000000000227e+00 2.330499999999999972e+01
1.786899999999999977e+01 -1.000000000000000000e+01 2.384700000000000131e+01
1.890700000000000003e+01 -7.730000000000000426e+00 2.326899999999999835e+01
2.370299999999999940e+01 -9.236000000000000654e+00 2.369099999999999895e+01
2.494000000000000128e+01 -9.122999999999999332e+00 2.442500000000000071e+01
2.490299999999999869e+01 -7.884999999999999787e+00 2.530300000000000082e+01
2.392399999999999949e+01 -7.083000000000000185e+00 2.526800000000000068e+01
2.608399999999999963e+01 -9.034000000000000696e+00 2.340599999999999881e+01
2.629200000000000159e+01 -7.660000000000000142e+00 2.316000000000000014e+01
2.591799999999999926e+01 -7.806000000000000050e+00 2.612300000000000111e+01
2.617000000000000171e+01 -6.682999999999999829e+00 2.702499999999999858e+01
2.627599999999999980e+01 -5.352000000000000313e+00 2.630300000000000082e+01
2.588400000000000034e+01 -4.323000000000000398e+00 2.691300000000000026e+01
2.657900000000000063e+01 -5.360999999999999766e+00 2.503300000000000125e+01
2.656599999999999895e+01 -4.099000000000000199e+00 2.425499999999999901e+01
2.517599999999999838e+01 -3.442000000000000171e+00 2.403399999999999892e+01
2.504899999999999949e+01 -2.229999999999999982e+00 2.365700000000000003e+01
2.732300000000000040e+01 -4.224000000000000199e+00 2.289699999999999847e+01
2.883099999999999952e+01 -4.543999999999999595e+00 2.294900000000000162e+01
2.944399999999999906e+01 -4.418999999999999595e+00 2.153600000000000136e+01
2.961499999999999844e+01 -3.685999999999999943e+00 2.392899999999999849e+01
2.415200000000000102e+01 -4.266000000000000014e+00 2.417599999999999838e+01
2.276399999999999935e+01 -3.839999999999999858e+00 2.404299999999999926e+01
2.229400000000000048e+01 -2.931999999999999940e+00 2.521499999999999986e+01
2.131899999999999906e+01 -2.140000000000000124e+00 2.503500000000000014e+01
2.187300000000000111e+01 -5.086000000000000298e+00 2.388100000000000023e+01
2.156400000000000006e+01 -5.588000000000000078e+00 2.518900000000000006e+01
2.312900000000000134e+01 -2.826000000000000068e+00 2.626699999999999946e+01
2.278099999999999881e+01 -2.024999999999999911e+00 2.747500000000000142e+01
2.336799999999999855e+01 -6.069999999999999840e-01 2.753900000000000148e+01
2.325300000000000011e+01 1.280000000000000027e-01 2.857199999999999918e+01
2.317000000000000171e+01 -2.790999999999999925e+00 2.876500000000000057e+01
2.230300000000000082e+01 -4.035000000000000142e+00 2.907300000000000040e+01
2.275100000000000122e+01 -4.751000000000000334e+00 3.038100000000000023e+01
2.155900000000000105e+01 -5.259000000000000341e+00 3.115500000000000114e+01
