3.240500000000000114e+01 4.483299999999999841e+01 3.805700000000000216e+01
3.340200000000000102e+01 4.588600000000000279e+01 3.840500000000000114e+01
3.356700000000000017e+01 4.682699999999999818e+01 3.721900000000000119e+01
3.314099999999999824e+01 4.652199999999999847e+01 3.610600000000000165e+01
3.475600000000000023e+01 4.524699999999999989e+01 3.873700000000000188e+01
3.575999999999999801e+01 4.624600000000000222e+01 3.930700000000000216e+01
3.697800000000000153e+01 4.597899999999999920e+01 3.922099999999999653e+01
3.533899999999999864e+01 4.728900000000000148e+01 3.985300000000000153e+01
3.418399999999999750e+01 4.797599999999999909e+01 3.746399999999999864e+01
3.442099999999999937e+01 4.895799999999999841e+01 3.641199999999999903e+01
3.567799999999999727e+01 4.974399999999999977e+01 3.674900000000000233e+01
3.607600000000000051e+01 4.982099999999999795e+01 3.791199999999999903e+01
3.322099999999999653e+01 4.990999999999999659e+01 3.628799999999999670e+01
3.174899999999999878e+01 4.916599999999999682e+01 3.551599999999999824e+01
3.634599999999999653e+01 5.030899999999999750e+01 3.573299999999999699e+01
3.755100000000000193e+01 5.107500000000000284e+01 3.604800000000000182e+01
3.718800000000000239e+01 5.237299999999999756e+01 3.675900000000000034e+01
3.603999999999999915e+01 5.281400000000000006e+01 3.671900000000000119e+01
3.818099999999999739e+01 5.131199999999999761e+01 3.467699999999999960e+01
3.700900000000000034e+01 5.129200000000000159e+01 3.375300000000000011e+01
3.618999999999999773e+01 5.014900000000000091e+01 3.428000000000000114e+01
3.816899999999999693e+01 5.297099999999999653e+01 3.742199999999999704e+01
3.797299999999999898e+01 5.422200000000000131e+01 3.814399999999999835e+01
3.737299999999999756e+01 5.530299999999999727e+01 3.724699999999999989e+01
3.786500000000000199e+01 5.554500000000000171e+01 3.614600000000000080e+01
3.931400000000000006e+01 5.471300000000000097e+01 3.870199999999999818e+01
3.917399999999999949e+01 5.597999999999999687e+01 3.932000000000000028e+01
3.630899999999999750e+01 5.594299999999999784e+01 3.772599999999999909e+01
3.566599999999999682e+01 5.699699999999999989e+01 3.695900000000000318e+01
3.442000000000000171e+01 5.653699999999999903e+01 3.622500000000000142e+01
3.355299999999999727e+01 5.734499999999999886e+01 3.588100000000000023e+01
3.432999999999999829e+01 5.523299999999999699e+01 3.598400000000000176e+01
3.318399999999999750e+01 5.466299999999999670e+01 3.528399999999999892e+01
3.221099999999999852e+01 5.406900000000000261e+01 3.629200000000000159e+01
3.262899999999999778e+01 5.348100000000000165e+01 3.729200000000000159e+01
3.365999999999999659e+01 5.358599999999999852e+01 3.430499999999999972e+01
3.454200000000000159e+01 5.412599999999999767e+01 3.321800000000000352e+01
3.577700000000000102e+01 5.468099999999999739e+01 3.336299999999999955e+01
3.422999999999999687e+01 5.420100000000000051e+01 3.182199999999999918e+01
3.625699999999999790e+01 5.510300000000000153e+01 3.214399999999999835e+01
3.532699999999999818e+01 5.482000000000000028e+01 3.118100000000000094e+01
3.312899999999999778e+01 5.380700000000000216e+01 3.105000000000000071e+01
3.535399999999999920e+01 5.505700000000000216e+01 2.980099999999999838e+01
3.315800000000000125e+01 5.404399999999999693e+01 2.967399999999999949e+01
3.426200000000000045e+01 5.466299999999999670e+01 2.906800000000000139e+01
3.091799999999999926e+01 5.422800000000000153e+01 3.603699999999999903e+01
2.989300000000000068e+01 5.370900000000000318e+01 3.693200000000000216e+01
2.929599999999999937e+01 5.242600000000000193e+01 3.637400000000000233e+01
2.896300000000000097e+01 5.234199999999999875e+01 3.518999999999999773e+01
2.879500000000000171e+01 5.475300000000000011e+01 3.713700000000000045e+01
2.934299999999999997e+01 5.594500000000000028e+01 3.767499999999999716e+01
2.915899999999999892e+01 5.142900000000000205e+01 3.723899999999999721e+01
2.863299999999999912e+01 5.013300000000000267e+01 3.684100000000000108e+01
2.712000000000000099e+01 5.001700000000000301e+01 3.694599999999999795e+01
2.650300000000000011e+01 5.053099999999999881e+01 3.787800000000000011e+01
2.928099999999999881e+01 4.903600000000000136e+01 3.768800000000000239e+01
2.878800000000000026e+01 4.775800000000000267e+01 3.732900000000000063e+01
2.653500000000000014e+01 4.933400000000000318e+01 3.596900000000000119e+01
2.510099999999999909e+01 4.908800000000000097e+01 3.592199999999999704e+01
2.482900000000000063e+01 4.787100000000000222e+01 3.505199999999999960e+01
2.522899999999999920e+01 4.782200000000000273e+01 3.388600000000000279e+01
2.433500000000000085e+01 5.029399999999999693e+01 3.537100000000000222e+01
2.284799999999999898e+01 5.003300000000000125e+01 3.525600000000000023e+01
2.228300000000000125e+01 4.960099999999999909e+01 3.405499999999999972e+01
2.201399999999999935e+01 5.016199999999999903e+01 3.636699999999999733e+01
2.092399999999999949e+01 4.930100000000000193e+01 3.396399999999999864e+01
2.065500000000000114e+01 4.986200000000000188e+01 3.628799999999999670e+01
2.011799999999999855e+01 4.943299999999999983e+01 3.508599999999999852e+01
1.878099999999999881e+01 4.912599999999999767e+01 3.500900000000000034e+01
2.415299999999999869e+01 4.688799999999999812e+01 3.563400000000000034e+01
2.381299999999999883e+01 4.564800000000000324e+01 3.494400000000000261e+01
2.499399999999999977e+01 4.499300000000000210e+01 3.423799999999999955e+01
2.485399999999999920e+01 4.446399999999999864e+01 3.313000000000000256e+01
2.267800000000000082e+01 4.588199999999999790e+01 3.394500000000000028e+01
2.131299999999999883e+01 4.609100000000000108e+01 3.458700000000000330e+01
2.087999999999999901e+01 4.491899999999999693e+01 3.544899999999999807e+01
2.142999999999999972e+01 4.475300000000000011e+01 3.655799999999999983e+01
1.999099999999999966e+01 4.415800000000000125e+01 3.501200000000000045e+01
2.615899999999999892e+01 4.502499999999999858e+01 3.487899999999999778e+01
2.733399999999999963e+01 4.439200000000000301e+01 3.430299999999999727e+01
2.814499999999999957e+01 4.518599999999999994e+01 3.329999999999999716e+01
2.917699999999999960e+01 4.471099999999999852e+01 3.282000000000000028e+01
2.769600000000000151e+01 4.638700000000000045e+01 3.296699999999999875e+01
2.843100000000000094e+01 4.720900000000000318e+01 3.201800000000000068e+01
2.892999999999999972e+01 4.848299999999999699e+01 3.268699999999999761e+01
2.854899999999999949e+01 4.878499999999999659e+01 3.381900000000000261e+01
2.754500000000000171e+01 4.752900000000000347e+01 3.081200000000000117e+01
2.729100000000000037e+01 4.630700000000000216e+01 2.995400000000000063e+01
2.822200000000000131e+01 4.573599999999999710e+01 2.938700000000000045e+01
2.603099999999999881e+01 4.589000000000000057e+01 2.986199999999999832e+01
2.979500000000000171e+01 4.921999999999999886e+01 3.199800000000000111e+01
3.034700000000000131e+01 5.044400000000000261e+01 3.256499999999999773e+01
2.997400000000000020e+01 5.170700000000000074e+01 3.178900000000000148e+01
3.008299999999999841e+01 5.176400000000000290e+01 3.055799999999999983e+01
3.186199999999999832e+01 5.030899999999999750e+01 3.268500000000000227e+01
3.234700000000000131e+01 4.880700000000000216e+01 3.360900000000000176e+01
2.954200000000000159e+01 5.271999999999999886e+01 3.253900000000000148e+01
2.910000000000000142e+01 5.398899999999999721e+01 3.196900000000000119e+01
2.989300000000000068e+01 5.518800000000000239e+01 3.248299999999999699e+01
3.032700000000000173e+01 5.520600000000000307e+01 3.364399999999999835e+01
