1.666600000000000037e+01 1.309999999999999964e+01 4.863999999999999879e+00
1.723100000000000165e+01 1.426099999999999923e+01 5.514999999999999680e+00
1.711899999999999977e+01 1.528899999999999970e+01 4.391000000000000014e+00
1.749500000000000099e+01 1.491499999999999915e+01 3.273000000000000131e+00
1.872299999999999898e+01 1.401200000000000045e+01 5.910999999999999588e+00
1.881599999999999895e+01 1.280000000000000071e+01 6.841999999999999638e+00
1.930199999999999960e+01 1.526200000000000045e+01 6.594999999999999751e+00
1.836100000000000065e+01 1.292800000000000082e+01 8.319000000000000838e+00
1.654299999999999926e+01 1.646900000000000119e+01 4.679000000000000270e+00
1.641700000000000159e+01 1.761199999999999832e+01 3.778999999999999915e+00
1.749599999999999866e+01 1.853000000000000114e+01 4.309999999999999609e+00
1.760500000000000043e+01 1.871999999999999886e+01 5.522000000000000242e+00
1.506199999999999939e+01 1.835099999999999909e+01 3.923000000000000043e+00
1.498700000000000010e+01 1.943499999999999872e+01 2.920999999999999819e+00
1.389400000000000013e+01 1.742500000000000071e+01 3.665000000000000036e+00
1.834900000000000020e+01 1.905499999999999972e+01 3.434000000000000163e+00
1.938500000000000156e+01 2.000700000000000145e+01 3.822000000000000064e+00
2.056299999999999883e+01 1.939600000000000080e+01 4.527000000000000135e+00
2.129500000000000171e+01 2.010200000000000031e+01 5.208999999999999631e+00
2.078600000000000136e+01 1.810200000000000031e+01 4.389000000000000234e+00
2.189499999999999957e+01 1.747500000000000142e+01 5.091000000000000192e+00
2.311299999999999955e+01 1.734100000000000108e+01 4.193999999999999950e+00
2.319500000000000028e+01 1.798199999999999932e+01 3.141999999999999904e+00
2.403999999999999915e+01 1.646799999999999997e+01 4.567000000000000171e+00
2.523600000000000065e+01 1.629200000000000159e+01 3.771999999999999797e+00
2.550300000000000011e+01 1.481099999999999994e+01 3.708000000000000185e+00
2.495299999999999940e+01 1.408300000000000018e+01 4.536999999999999922e+00
2.641300000000000026e+01 1.703900000000000148e+01 4.424999999999999822e+00
2.670200000000000173e+01 1.673799999999999955e+01 5.900999999999999801e+00
2.596499999999999986e+01 1.732799999999999940e+01 6.923000000000000043e+00
2.771999999999999886e+01 1.585599999999999987e+01 6.222000000000000419e+00
2.625300000000000011e+01 1.703300000000000125e+01 8.252000000000000668e+00
2.800900000000000034e+01 1.555100000000000016e+01 7.538000000000000256e+00
2.728300000000000125e+01 1.613700000000000045e+01 8.561999999999999389e+00
2.759600000000000009e+01 1.581000000000000050e+01 9.887999999999999901e+00
2.627499999999999858e+01 1.432300000000000040e+01 2.738999999999999879e+00
2.667099999999999937e+01 1.292800000000000082e+01 2.681999999999999940e+00
2.750499999999999901e+01 1.259699999999999953e+01 3.915999999999999925e+00
2.849899999999999878e+01 1.326699999999999946e+01 4.179999999999999716e+00
2.747500000000000142e+01 1.269899999999999984e+01 1.379999999999999893e+00
2.659799999999999898e+01 1.289199999999999946e+01 2.670000000000000151e-01
2.803800000000000026e+01 1.129899999999999949e+01 1.290999999999999925e+00
2.718599999999999994e+01 1.155199999999999960e+01 4.679000000000000270e+00
2.793599999999999994e+01 1.127399999999999913e+01 5.894000000000000128e+00
2.939499999999999957e+01 1.091399999999999970e+01 5.697000000000000064e+00
3.026800000000000068e+01 1.135800000000000054e+01 6.434000000000000163e+00
2.725600000000000023e+01 1.014400000000000013e+01 6.647999999999999687e+00
2.554700000000000060e+01 1.044999999999999929e+01 7.173000000000000043e+00
2.962099999999999866e+01 1.008699999999999974e+01 4.671000000000000263e+00
3.087999999999999901e+01 9.428000000000000824e+00 4.432999999999999829e+00
3.074200000000000088e+01 7.969000000000000306e+00 4.830000000000000071e+00
3.009900000000000020e+01 7.690000000000000391e+00 5.844999999999999751e+00
3.127799999999999869e+01 7.006999999999999673e+00 4.062000000000000277e+00
3.101099999999999923e+01 5.623999999999999666e+00 4.365999999999999659e+00
3.148499999999999943e+01 5.136000000000000121e+00 5.705000000000000071e+00
3.258400000000000318e+01 5.378000000000000114e+00 6.184999999999999609e+00
3.160000000000000142e+01 4.693999999999999950e+00 3.330999999999999961e+00
3.052799999999999869e+01 4.488000000000000433e+00 6.341000000000000192e+00
3.067099999999999937e+01 3.869000000000000217e+00 7.649000000000000021e+00
3.110500000000000043e+01 4.764999999999999680e+00 8.794000000000000483e+00
3.148499999999999943e+01 4.286999999999999922e+00 9.861000000000000654e+00
3.161299999999999955e+01 2.693000000000000060e+00 7.535999999999999588e+00
3.114600000000000080e+01 1.729000000000000092e+00 6.450999999999999623e+00
3.014000000000000057e+01 1.034999999999999920e+00 6.520999999999999908e+00
3.185500000000000043e+01 1.703000000000000069e+00 5.354000000000000092e+00
3.086100000000000065e+01 6.075999999999999623e+00 8.631999999999999673e+00
3.112999999999999901e+01 7.052999999999999936e+00 9.672000000000000597e+00
3.011799999999999855e+01 7.070999999999999730e+00 1.081300000000000061e+01
3.033399999999999963e+01 7.674000000000000377e+00 1.187199999999999989e+01
3.121999999999999886e+01 8.432999999999999829e+00 9.003999999999999559e+00
3.004400000000000048e+01 8.707000000000000739e+00 8.246000000000000441e+00
3.241199999999999903e+01 8.444000000000000838e+00 8.054000000000000270e+00
2.894600000000000151e+01 6.458999999999999631e+00 1.058099999999999952e+01
2.786899999999999977e+01 6.416999999999999815e+00 1.157499999999999929e+01
2.769500000000000028e+01 4.908000000000000362e+00 1.175600000000000023e+01
2.673199999999999932e+01 4.306000000000000050e+00 1.127899999999999991e+01
2.658500000000000085e+01 7.139999999999999680e+00 1.098799999999999955e+01
2.546099999999999852e+01 7.107999999999999652e+00 1.200500000000000078e+01
2.689600000000000080e+01 8.621000000000000441e+00 1.061500000000000021e+01
2.859199999999999875e+01 4.219999999999999751e+00 1.246499999999999986e+01
2.865299999999999869e+01 2.769000000000000128e+00 1.246700000000000053e+01
2.746799999999999997e+01 2.060999999999999943e+00 1.310699999999999932e+01
2.733800000000000097e+01 8.299999999999999600e-01 1.298099999999999987e+01
2.995899999999999963e+01 2.472999999999999865e+00 1.317099999999999937e+01
3.001699999999999946e+01 3.585999999999999854e+00 1.418800000000000061e+01
2.953000000000000114e+01 4.807000000000000384e+00 1.342999999999999972e+01
2.664199999999999946e+01 2.811999999999999833e+00 1.385299999999999976e+01
2.543900000000000006e+01 2.266999999999999904e+00 1.448799999999999955e+01
2.414699999999999847e+01 2.326000000000000068e+00 1.369100000000000072e+01
2.310000000000000142e+01 1.826000000000000068e+00 1.412299999999999933e+01
2.518900000000000006e+01 2.967999999999999972e+00 1.582399999999999984e+01
2.528999999999999915e+01 4.467999999999999972e+00 1.579100000000000037e+01
2.416799999999999926e+01 5.224000000000000199e+00 1.542699999999999960e+01
2.651599999999999824e+01 5.083999999999999631e+00 1.605399999999999849e+01
2.428399999999999892e+01 6.608999999999999986e+00 1.530400000000000027e+01
2.664099999999999824e+01 6.466000000000000192e+00 1.592999999999999972e+01
2.551999999999999957e+01 7.198999999999999844e+00 1.555000000000000071e+01
2.560699999999999932e+01 8.542999999999999261e+00 1.533799999999999919e+01
2.417099999999999937e+01 2.995000000000000107e+00 1.254599999999999937e+01
2.298699999999999832e+01 3.202999999999999847e+00 1.175900000000000034e+01
