0.000000000000000000e+00 9.978999999999999204e+00 -2.051000000000000156e+00
-8.830000000000000071e-01 1.072799999999999976e+01 -1.106999999999999984e+00
-1.336999999999999966e+00 1.201600000000000001e+01 -1.776999999999999913e+00
-5.150000000000000133e-01 1.279100000000000037e+01 -2.278999999999999915e+00
-1.079999999999999988e-01 1.109099999999999930e+01 1.920000000000000040e-01
-1.008000000000000007e+00 1.185899999999999999e+01 1.169999999999999929e+00
4.010000000000000231e-01 9.807999999999999829e+00 8.729999999999999982e-01
-2.645000000000000018e+00 1.220800000000000018e+01 -1.810999999999999943e+00
-3.245999999999999996e+00 1.341099999999999959e+01 -2.358999999999999986e+00
-3.532000000000000028e+00 1.435399999999999920e+01 -1.191999999999999948e+00
-3.980999999999999872e+00 1.392800000000000082e+01 -1.170000000000000068e-01
-4.581999999999999851e+00 1.308099999999999952e+01 -3.036000000000000032e+00
-5.192000000000000171e+00 1.434999999999999964e+01 -3.653999999999999915e+00
-4.357000000000000206e+00 1.200000000000000000e+01 -4.097999999999999865e+00
-3.258000000000000007e+00 1.564000000000000057e+01 -1.411000000000000032e+00
-3.539000000000000146e+00 1.664399999999999835e+01 -4.129999999999999782e-01
-2.603000000000000203e+00 1.666400000000000148e+01 7.620000000000000107e-01
-2.948999999999999844e+00 1.726999999999999957e+01 1.764999999999999902e+00
-1.435000000000000053e+00 1.604200000000000159e+01 6.199999999999999956e-01
-4.829999999999999849e-01 1.601999999999999957e+01 1.713999999999999968e+00
6.370000000000000107e-01 1.702799999999999869e+01 1.558999999999999941e+00
5.649999999999999467e-01 1.796000000000000085e+01 7.439999999999999947e-01
1.693000000000000060e+00 1.682300000000000040e+01 2.338999999999999968e+00
2.854999999999999982e+00 1.770499999999999829e+01 2.318000000000000060e+00
4.108999999999999986e+00 1.684199999999999875e+01 2.387999999999999901e+00
4.051000000000000156e+00 1.566399999999999970e+01 2.746999999999999886e+00
2.895999999999999908e+00 1.866600000000000037e+01 3.564000000000000057e+00
2.823999999999999844e+00 1.789699999999999847e+01 4.767999999999999794e+00
1.739000000000000101e+00 1.967200000000000060e+01 3.532000000000000028e+00
5.259999999999999787e+00 1.742099999999999937e+01 2.052999999999999936e+00
6.519000000000000128e+00 1.669699999999999918e+01 2.148000000000000131e+00
6.759000000000000341e+00 1.636499999999999844e+01 3.616999999999999993e+00
6.576999999999999957e+00 1.721499999999999986e+01 4.501999999999999780e+00
7.716000000000000192e+00 1.756800000000000139e+01 1.743000000000000105e+00
7.746999999999999886e+00 1.791199999999999903e+01 2.750000000000000222e-01
6.924999999999999822e+00 1.743400000000000105e+01 -5.220000000000000195e-01
8.637000000000000455e+00 1.871499999999999986e+01 -1.010000000000000064e-01
7.163999999999999702e+00 1.513100000000000023e+01 3.883000000000000007e+00
7.527999999999999581e+00 1.475300000000000011e+01 5.233999999999999986e+00
8.923999999999999488e+00 1.533300000000000018e+01 5.514999999999999680e+00
9.666000000000000369e+00 1.567999999999999972e+01 4.583000000000000185e+00
7.605999999999999872e+00 1.324499999999999922e+01 5.333000000000000185e+00
9.253999999999999559e+00 1.545800000000000018e+01 6.796000000000000263e+00
1.060399999999999920e+01 1.589400000000000013e+01 7.160999999999999588e+00
1.148000000000000043e+01 1.464300000000000068e+01 7.014999999999999680e+00
1.100000000000000000e+01 1.350999999999999979e+01 7.179999999999999716e+00
1.067999999999999972e+01 1.637000000000000099e+01 8.612999999999999545e+00
9.763999999999999346e+00 1.753800000000000026e+01 8.904999999999999361e+00
9.599000000000000199e+00 1.841100000000000136e+01 8.029999999999999361e+00
9.214000000000000412e+00 1.758699999999999974e+01 1.002699999999999925e+01
1.276399999999999935e+01 1.481900000000000084e+01 6.719999999999999751e+00
1.362500000000000000e+01 1.365700000000000003e+01 6.586000000000000298e+00
1.365099999999999980e+01 1.291399999999999970e+01 7.926999999999999602e+00
1.381799999999999962e+01 1.352399999999999913e+01 8.993000000000000327e+00
1.504599999999999937e+01 1.406600000000000072e+01 6.176000000000000156e+00
1.587100000000000044e+01 1.290199999999999925e+01 5.660999999999999588e+00
1.734400000000000119e+01 1.323700000000000010e+01 5.528999999999999915e+00
1.811299999999999955e+01 1.236999999999999922e+01 5.060999999999999943e+00
1.773699999999999832e+01 1.436299999999999955e+01 5.897999999999999687e+00
1.343500000000000050e+01 1.159800000000000075e+01 7.865000000000000213e+00
1.345100000000000051e+01 1.077399999999999913e+01 9.058999999999999275e+00
1.223300000000000054e+01 1.085399999999999920e+01 9.964000000000000412e+00
1.223499999999999943e+01 1.031700000000000017e+01 1.106400000000000006e+01
1.118399999999999928e+01 1.151800000000000068e+01 9.503000000000000114e+00
9.980999999999999872e+00 1.167300000000000004e+01 1.030599999999999916e+01
9.166999999999999815e+00 1.038199999999999967e+01 1.049600000000000044e+01
8.477000000000000313e+00 1.021799999999999997e+01 1.150300000000000011e+01
9.111000000000000654e+00 1.277800000000000047e+01 9.672000000000000597e+00
7.902000000000000135e+00 1.313100000000000023e+01 1.048099999999999987e+01
7.091000000000000192e+00 1.426399999999999935e+01 9.881000000000000227e+00
7.232999999999999652e+00 1.456400000000000006e+01 8.669000000000000483e+00
6.283000000000000362e+00 1.484699999999999953e+01 1.064199999999999946e+01
9.260999999999999233e+00 9.471000000000000085e+00 9.531000000000000583e+00
8.496000000000000441e+00 8.202999999999999403e+00 9.557999999999999829e+00
9.526999999999999247e+00 7.105999999999999872e+00 9.300000000000000711e+00
9.541999999999999815e+00 6.471000000000000085e+00 8.242000000000000881e+00
7.440000000000000391e+00 8.231999999999999318e+00 8.439999999999999503e+00
6.623000000000000220e+00 9.499000000000000554e+00 8.454000000000000625e+00
6.841000000000000192e+00 1.062700000000000067e+01 7.708000000000000185e+00
5.517999999999999794e+00 9.795999999999999375e+00 9.323000000000000398e+00
5.937999999999999723e+00 1.160200000000000031e+01 8.060000000000000497e+00
5.115999999999999659e+00 1.111999999999999922e+01 9.045999999999999375e+00
4.828999999999999737e+00 9.069000000000000838e+00 1.030599999999999916e+01
4.062999999999999723e+00 1.174099999999999966e+01 9.714000000000000412e+00
3.773000000000000131e+00 9.692000000000000171e+00 1.098000000000000043e+01
3.406000000000000139e+00 1.101200000000000045e+01 1.067699999999999960e+01
1.038899999999999935e+01 6.833000000000000185e+00 1.028999999999999915e+01
1.145599999999999952e+01 5.841000000000000192e+00 1.014700000000000024e+01
1.106600000000000072e+01 4.397999999999999687e+00 9.961999999999999744e+00
1.193999999999999950e+01 3.564000000000000057e+00 9.695000000000000284e+00
1.235200000000000031e+01 6.115000000000000213e+00 1.135699999999999932e+01
1.134299999999999997e+01 6.583000000000000185e+00 1.241000000000000014e+01
1.035899999999999999e+01 7.429000000000000270e+00 1.164700000000000024e+01
9.766999999999999460e+00 4.113000000000000433e+00 1.008000000000000007e+01
9.231999999999999318e+00 2.763999999999999790e+00 9.853999999999999204e+00
8.734999999999999432e+00 2.623000000000000220e+00 8.410999999999999588e+00
8.394000000000000128e+00 1.522000000000000020e+00 7.996000000000000441e+00
8.042999999999999261e+00 2.476999999999999869e+00 1.079599999999999937e+01
7.187999999999999723e+00 3.677000000000000046e+00 1.110399999999999920e+01
6.134000000000000341e+00 4.165000000000000036e+00 1.039400000000000013e+01
