-1.463999999999999968e+00 -2.850799999999999912e+01 2.484299999999999997e+01
-2.754999999999999893e+00 -2.873900000000000077e+01 2.412999999999999901e+01
-2.787999999999999812e+00 -3.015200000000000102e+01 2.353600000000000136e+01
-2.100999999999999979e+00 -3.044500000000000028e+01 2.255000000000000071e+01
-2.944999999999999840e+00 -2.768100000000000094e+01 2.303099999999999881e+01
-4.363000000000000433e+00 -2.766000000000000014e+01 2.246900000000000119e+01
-5.285999999999999588e+00 -2.821199999999999974e+01 2.311499999999999844e+01
-4.554000000000000270e+00 -2.708299999999999841e+01 2.137199999999999989e+01
-3.604000000000000092e+00 -3.100900000000000034e+01 2.414399999999999835e+01
-3.749000000000000110e+00 -3.240899999999999892e+01 2.374200000000000088e+01
-5.059000000000000163e+00 -3.267099999999999937e+01 2.296600000000000108e+01
-5.942999999999999616e+00 -3.340500000000000114e+01 2.341000000000000014e+01
-3.616000000000000103e+00 -3.332300000000000040e+01 2.501000000000000156e+01
-3.503000000000000114e+00 -3.479599999999999937e+01 2.463299999999999912e+01
-4.778999999999999915e+00 -3.308800000000000097e+01 2.598499999999999943e+01
-3.077999999999999847e+00 -3.568399999999999750e+01 2.580000000000000071e+01
-5.150000000000000355e+00 -3.208100000000000307e+01 2.178000000000000114e+01
-6.323999999999999844e+00 -3.220700000000000074e+01 2.091900000000000048e+01
-5.849999999999999645e+00 -3.220400000000000063e+01 1.946399999999999864e+01
-4.727999999999999758e+00 -3.178000000000000114e+01 1.918900000000000006e+01
-7.304999999999999716e+00 -3.105699999999999861e+01 2.116799999999999926e+01
-8.580999999999999517e+00 -3.134400000000000119e+01 2.060999999999999943e+01
-6.724000000000000199e+00 -3.260699999999999932e+01 1.854200000000000159e+01
-6.363999999999999879e+00 -3.272699999999999676e+01 1.712800000000000011e+01
-7.517000000000000348e+00 -3.238499999999999801e+01 1.617000000000000171e+01
-8.683999999999999275e+00 -3.250500000000000256e+01 1.654599999999999937e+01
-5.833000000000000185e+00 -3.414900000000000091e+01 1.689399999999999835e+01
-6.652000000000000135e+00 -3.519500000000000028e+01 1.758899999999999864e+01
-5.902000000000000135e+00 -3.647099999999999653e+01 1.792800000000000082e+01
-4.681000000000000050e+00 -3.647599999999999909e+01 1.810800000000000054e+01
-6.564000000000000057e+00 -3.749799999999999756e+01 1.805000000000000071e+01
-7.201999999999999957e+00 -3.200000000000000000e+01 1.491099999999999959e+01
-8.176999999999999602e+00 -3.162199999999999989e+01 1.388000000000000078e+01
-9.172000000000000597e+00 -3.271999999999999886e+01 1.355599999999999916e+01
-9.012999999999999901e+00 -3.385499999999999687e+01 1.399499999999999922e+01
-7.301999999999999602e+00 -3.134600000000000009e+01 1.265099999999999980e+01
-5.934999999999999609e+00 -3.123900000000000077e+01 1.316300000000000026e+01
-5.884999999999999787e+00 -3.219899999999999807e+01 1.429100000000000037e+01
-1.021299999999999919e+01 -3.239999999999999858e+01 1.276299999999999990e+01
-1.124799999999999933e+01 -3.336099999999999710e+01 1.236599999999999966e+01
-1.071400000000000041e+01 -3.422800000000000153e+01 1.124499999999999922e+01
-9.941000000000000725e+00 -3.374199999999999733e+01 1.042099999999999937e+01
-1.235999999999999943e+01 -3.247200000000000131e+01 1.180300000000000082e+01
-1.200500000000000078e+01 -3.107199999999999918e+01 1.225799999999999912e+01
-1.052399999999999913e+01 -3.105999999999999872e+01 1.223199999999999932e+01
-1.107199999999999918e+01 -3.550600000000000023e+01 1.123399999999999999e+01
-1.063700000000000045e+01 -3.638000000000000256e+01 1.015199999999999925e+01
-1.163799999999999990e+01 -3.625600000000000023e+01 9.023999999999999133e+00
-1.136200000000000010e+01 -3.666400000000000148e+01 7.907000000000000028e+00
-1.063299999999999912e+01 -3.784400000000000119e+01 1.058699999999999974e+01
-9.412000000000000810e+00 -3.842300000000000182e+01 1.125000000000000000e+01
-9.740000000000000213e+00 -3.983400000000000318e+01 1.164600000000000080e+01
-8.223000000000000753e+00 -3.838600000000000279e+01 1.026999999999999957e+01
-1.283200000000000074e+01 -3.576299999999999812e+01 9.333000000000000185e+00
-1.386299999999999955e+01 -3.565800000000000125e+01 8.313000000000000611e+00
-1.452899999999999991e+01 -3.431099999999999994e+01 8.224999999999999645e+00
-1.423499999999999943e+01 -3.340999999999999659e+01 9.013999999999999346e+00
-1.494699999999999918e+01 -3.670000000000000284e+01 8.573000000000000398e+00
-1.442200000000000060e+01 -3.809000000000000341e+01 8.653000000000000469e+00
-1.442900000000000027e+01 -3.882200000000000273e+01 9.816000000000000725e+00
-1.382799999999999940e+01 -3.886699999999999733e+01 7.722000000000000419e+00
-1.385999999999999943e+01 -3.998799999999999955e+01 9.601000000000000867e+00
-1.348600000000000065e+01 -4.004099999999999682e+01 8.339999999999999858e+00
-1.541600000000000037e+01 -3.419500000000000028e+01 7.237000000000000099e+00
-1.620599999999999952e+01 -3.298299999999999699e+01 7.014999999999999680e+00
-1.749399999999999977e+01 -3.312500000000000000e+01 7.833000000000000185e+00
-1.793199999999999861e+01 -3.217799999999999727e+01 8.471999999999999531e+00
-1.650600000000000023e+01 -3.278600000000000136e+01 5.516000000000000014e+00
-1.523600000000000065e+01 -3.253900000000000148e+01 4.671000000000000263e+00
-1.419899999999999984e+01 -3.205199999999999960e+01 5.195999999999999730e+00
-1.528500000000000014e+01 -3.282600000000000051e+01 3.455999999999999961e+00
-1.809900000000000020e+01 -3.431600000000000250e+01 7.798000000000000043e+00
-1.930799999999999983e+01 -3.461999999999999744e+01 8.576999999999999957e+00
-1.870200000000000173e+01 -3.471500000000000341e+01 9.994999999999999218e+00
-1.781899999999999906e+01 -3.555599999999999739e+01 1.024600000000000044e+01
-1.989199999999999946e+01 -3.595700000000000074e+01 8.102000000000000313e+00
-2.117500000000000071e+01 -3.633700000000000330e+01 8.778000000000000469e+00
-2.239000000000000057e+01 -3.579299999999999926e+01 8.368999999999999773e+00
-2.117500000000000071e+01 -3.725600000000000023e+01 9.810000000000000497e+00
-2.357700000000000173e+01 -3.616899999999999693e+01 8.980999999999999872e+00
-2.235200000000000031e+01 -3.763300000000000267e+01 1.042099999999999937e+01
-2.355399999999999849e+01 -3.708599999999999852e+01 1.000699999999999967e+01
-1.920299999999999940e+01 -3.389900000000000091e+01 1.091900000000000048e+01
-1.860800000000000054e+01 -3.379399999999999693e+01 1.225099999999999945e+01
-1.960600000000000165e+01 -3.318200000000000216e+01 1.324699999999999989e+01
-2.027499999999999858e+01 -3.220400000000000063e+01 1.291799999999999926e+01
-1.744800000000000040e+01 -3.281199999999999761e+01 1.208999999999999986e+01
-1.634299999999999997e+01 -3.281000000000000227e+01 1.309800000000000075e+01
-1.567900000000000027e+01 -3.399399999999999977e+01 1.344100000000000072e+01
-1.584299999999999997e+01 -3.160699999999999932e+01 1.359099999999999930e+01
-1.452399999999999913e+01 -3.397800000000000153e+01 1.424600000000000044e+01
-1.469500000000000028e+01 -3.157499999999999929e+01 1.438700000000000045e+01
-1.403299999999999947e+01 -3.275999999999999801e+01 1.471199999999999974e+01
-1.285800000000000054e+01 -3.272699999999999676e+01 1.545899999999999963e+01
-1.973799999999999955e+01 -3.372899999999999920e+01 1.444599999999999973e+01
-2.065099999999999980e+01 -3.311099999999999710e+01 1.541499999999999915e+01
-1.984900000000000020e+01 -3.224099999999999966e+01 1.635900000000000176e+01
-1.893400000000000105e+01 -3.272099999999999653e+01 1.702599999999999980e+01
-2.144000000000000128e+01 -3.412899999999999778e+01 1.622899999999999920e+01
-2.264600000000000080e+01 -3.330599999999999739e+01 1.733599999999999852e+01
