2.754700000000000060e+01 4.037199999999999989e+01 6.713800000000000523e+01
2.889600000000000080e+01 4.048400000000000176e+01 6.776200000000000045e+01
2.893100000000000094e+01 3.983400000000000318e+01 6.913899999999999579e+01
2.887699999999999889e+01 4.050699999999999790e+01 7.018000000000000682e+01
2.933599999999999852e+01 4.195100000000000051e+01 6.782299999999999329e+01
2.829200000000000159e+01 4.279099999999999682e+01 6.828600000000000136e+01
2.902199999999999847e+01 3.850099999999999767e+01 6.912900000000000489e+01
2.905300000000000082e+01 3.775600000000000023e+01 7.037999999999999545e+01
3.037199999999999989e+01 3.750500000000000256e+01 7.106999999999999318e+01
3.042500000000000071e+01 3.692999999999999972e+01 7.216400000000000148e+01
2.818900000000000006e+01 3.650999999999999801e+01 7.033199999999999363e+01
2.858500000000000085e+01 3.567499999999999716e+01 6.928799999999999670e+01
3.146699999999999875e+01 3.776700000000000301e+01 7.033199999999999363e+01
3.277799999999999869e+01 3.754200000000000159e+01 7.099099999999999966e+01
3.319400000000000261e+01 3.892199999999999704e+01 7.150799999999999557e+01
3.402900000000000347e+01 3.963100000000000023e+01 7.092799999999999727e+01
3.372099999999999653e+01 3.705799999999999983e+01 6.987300000000000466e+01
3.498599999999999710e+01 3.682000000000000028e+01 7.047599999999999909e+01
3.243699999999999761e+01 3.936599999999999966e+01 7.249399999999999977e+01
3.258200000000000074e+01 4.066100000000000136e+01 7.317700000000000671e+01
3.285600000000000165e+01 4.031000000000000227e+01 7.462699999999999534e+01
3.218900000000000006e+01 3.944800000000000040e+01 7.517600000000000193e+01
3.123900000000000077e+01 4.138700000000000045e+01 7.308299999999999841e+01
3.005900000000000105e+01 4.042499999999999716e+01 7.331300000000000239e+01
2.869900000000000162e+01 4.101800000000000068e+01 7.300300000000000011e+01
2.766700000000000159e+01 4.039200000000000301e+01 7.325799999999999557e+01
2.868499999999999872e+01 4.222500000000000142e+01 7.245699999999999363e+01
3.379099999999999682e+01 4.100000000000000000e+01 7.526200000000000045e+01
3.408500000000000085e+01 4.069400000000000261e+01 7.664700000000000557e+01
3.553600000000000136e+01 4.032500000000000284e+01 7.683899999999999864e+01
3.636599999999999966e+01 4.056499999999999773e+01 7.596500000000000341e+01
3.585799999999999699e+01 3.977400000000000091e+01 7.799800000000000466e+01
3.723199999999999932e+01 3.939500000000000313e+01 7.827599999999999625e+01
3.751599999999999824e+01 3.794599999999999795e+01 7.790300000000000580e+01
3.659899999999999665e+01 3.713600000000000279e+01 7.778199999999999648e+01
3.754999999999999716e+01 3.964200000000000301e+01 7.975400000000000489e+01
3.731499999999999773e+01 4.108200000000000074e+01 8.022899999999999920e+01
3.758899999999999864e+01 4.120199999999999818e+01 8.171699999999999875e+01
3.819100000000000250e+01 4.204299999999999926e+01 7.943999999999999773e+01
3.877499999999999858e+01 3.765699999999999648e+01 7.759300000000000352e+01
3.917399999999999949e+01 3.629500000000000171e+01 7.727800000000000580e+01
3.967799999999999727e+01 3.572699999999999676e+01 7.859600000000000364e+01
4.058400000000000318e+01 3.629099999999999682e+01 7.921299999999999386e+01
4.029500000000000171e+01 3.626200000000000045e+01 7.623600000000000421e+01
4.085000000000000142e+01 3.485600000000000165e+01 7.596699999999999875e+01
3.974900000000000233e+01 3.394200000000000017e+01 7.544400000000000261e+01
4.200300000000000011e+01 3.491799999999999926e+01 7.498799999999999955e+01
3.908899999999999864e+01 3.461999999999999744e+01 7.901999999999999602e+01
3.948299999999999699e+01 3.401500000000000057e+01 8.027500000000000568e+01
4.015999999999999659e+01 3.266700000000000159e+01 8.016899999999999693e+01
3.982099999999999795e+01 3.184199999999999875e+01 7.931699999999999307e+01
4.116899999999999693e+01 3.247800000000000153e+01 8.101200000000000045e+01
4.192399999999999949e+01 3.123499999999999943e+01 8.108799999999999386e+01
4.162400000000000233e+01 3.067399999999999949e+01 8.247199999999999420e+01
4.184400000000000119e+01 3.135200000000000031e+01 8.347499999999999432e+01
4.342300000000000182e+01 3.151000000000000156e+01 8.094599999999999795e+01
4.381499999999999773e+01 3.207600000000000051e+01 7.960200000000000387e+01
4.368900000000000006e+01 3.343900000000000006e+01 7.933100000000000307e+01
4.428999999999999915e+01 3.124399999999999977e+01 7.859300000000000352e+01
4.402600000000000335e+01 3.395600000000000307e+01 7.808299999999999841e+01
4.463100000000000023e+01 3.175000000000000000e+01 7.734499999999999886e+01
4.449499999999999744e+01 3.310199999999999676e+01 7.709600000000000364e+01
4.482099999999999795e+01 3.358599999999999852e+01 7.585699999999999932e+01
4.108899999999999864e+01 2.945799999999999841e+01 8.252599999999999625e+01
4.073199999999999932e+01 2.882900000000000063e+01 8.379399999999999693e+01
4.161800000000000210e+01 2.763299999999999912e+01 8.409999999999999432e+01
4.156900000000000261e+01 2.662099999999999866e+01 8.340399999999999636e+01
3.926800000000000068e+01 2.839600000000000080e+01 8.376800000000000068e+01
3.830799999999999983e+01 2.953000000000000114e+01 8.351699999999999591e+01
3.825600000000000023e+01 3.016600000000000037e+01 8.227500000000000568e+01
3.746200000000000330e+01 2.998300000000000054e+01 8.452400000000000091e+01
3.738900000000000290e+01 3.121999999999999886e+01 8.204300000000000637e+01
3.658800000000000097e+01 3.103699999999999903e+01 8.430400000000000205e+01
3.655899999999999750e+01 3.165099999999999980e+01 8.306300000000000239e+01
3.568999999999999773e+01 3.268299999999999983e+01 8.284999999999999432e+01
4.239800000000000324e+01 2.773600000000000065e+01 8.516700000000000159e+01
4.330700000000000216e+01 2.666300000000000026e+01 8.554500000000000171e+01
4.281700000000000017e+01 2.583999999999999986e+01 8.672400000000000375e+01
4.214699999999999847e+01 2.635000000000000142e+01 8.762000000000000455e+01
4.468500000000000227e+01 2.723300000000000054e+01 8.587300000000000466e+01
4.518900000000000006e+01 2.821699999999999875e+01 8.486199999999999477e+01
4.476500000000000057e+01 2.954100000000000037e+01 8.489300000000000068e+01
4.609599999999999653e+01 2.782799999999999940e+01 8.388299999999999557e+01
4.523400000000000176e+01 3.046499999999999986e+01 8.396500000000000341e+01
4.657099999999999795e+01 2.874399999999999977e+01 8.295099999999999341e+01
4.614000000000000057e+01 3.006599999999999895e+01 8.299399999999999977e+01
4.312400000000000233e+01 2.454799999999999827e+01 8.668899999999999295e+01
4.275600000000000023e+01 2.364600000000000080e+01 8.776900000000000546e+01
4.380100000000000193e+01 2.378099999999999881e+01 8.887300000000000466e+01
4.347800000000000153e+01 2.370499999999999829e+01 9.005299999999999727e+01
4.267600000000000193e+01 2.219699999999999918e+01 8.727100000000000080e+01
4.386800000000000210e+01 2.180600000000000094e+01 8.661299999999999955e+01
4.505299999999999727e+01 2.401899999999999835e+01 8.848499999999999943e+01
4.611800000000000210e+01 2.418100000000000094e+01 8.946599999999999397e+01
4.606199999999999761e+01 2.558500000000000085e+01 9.006699999999999307e+01
4.540800000000000125e+01 2.647899999999999920e+01 8.953100000000000591e+01
4.748899999999999721e+01 2.390899999999999892e+01 8.884199999999999875e+01
4.794400000000000261e+01 2.501800000000000068e+01 8.792400000000000659e+01
4.718900000000000006e+01 2.538200000000000145e+01 8.699899999999999523e+01
4.905899999999999750e+01 2.553200000000000003e+01 8.813899999999999579e+01
