2.798400000000000176e+01 2.000999999999999890e+00 -1.295700000000000074e+01
2.709499999999999886e+01 2.914000000000000146e+00 -1.216900000000000048e+01
2.774399999999999977e+01 4.291000000000000369e+00 -1.199900000000000055e+01
2.885200000000000031e+01 4.410000000000000142e+00 -1.148799999999999955e+01
2.679700000000000060e+01 2.303999999999999826e+00 -1.078999999999999915e+01
2.806800000000000139e+01 1.947000000000000064e+00 -1.001600000000000001e+01
2.869300000000000139e+01 9.080000000000000293e-01 -1.034200000000000053e+01
2.845499999999999829e+01 2.724000000000000199e+00 -9.105999999999999872e+00
2.706899999999999906e+01 5.331000000000000405e+00 -1.246100000000000030e+01
2.762099999999999866e+01 6.663999999999999702e+00 -1.232399999999999984e+01
2.707700000000000173e+01 7.264999999999999680e+00 -1.104199999999999982e+01
2.586299999999999955e+01 7.325000000000000178e+00 -1.084099999999999930e+01
2.727199999999999847e+01 7.552999999999999936e+00 -1.353599999999999959e+01
2.799200000000000088e+01 8.881000000000000227e+00 -1.343399999999999928e+01
2.766799999999999926e+01 6.855999999999999872e+00 -1.482399999999999984e+01
2.797899999999999920e+01 7.626999999999999780e+00 -1.011200000000000010e+01
2.760500000000000043e+01 8.271000000000000796e+00 -8.846000000000000085e+00
2.704899999999999949e+01 9.673000000000000043e+00 -9.103999999999999204e+00
2.766400000000000148e+01 1.048399999999999999e+01 -9.776999999999999247e+00
2.892899999999999849e+01 8.327999999999999403e+00 -8.090999999999999304e+00
2.991799999999999926e+01 8.621000000000000441e+00 -9.195999999999999730e+00
2.943599999999999994e+01 7.714999999999999858e+00 -1.033799999999999919e+01
2.582199999999999918e+01 9.897000000000000242e+00 -8.670999999999999375e+00
2.519399999999999906e+01 1.119100000000000072e+01 -8.823999999999999844e+00
2.451599999999999824e+01 1.156400000000000006e+01 -7.491999999999999993e+00
2.403900000000000148e+01 1.068699999999999939e+01 -6.772000000000000242e+00
2.418499999999999872e+01 1.113700000000000045e+01 -1.001800000000000068e+01
2.279200000000000159e+01 1.151999999999999957e+01 -9.590999999999999304e+00
2.466700000000000159e+01 1.203299999999999947e+01 -1.114400000000000013e+01
2.465800000000000125e+01 1.282000000000000028e+01 -7.072000000000000064e+00
2.390700000000000003e+01 1.332499999999999929e+01 -5.924000000000000377e+00
2.427100000000000080e+01 1.270199999999999996e+01 -4.568999999999999950e+00
2.339199999999999946e+01 1.250900000000000034e+01 -3.718999999999999861e+00
2.241400000000000148e+01 1.314000000000000057e+01 -6.176999999999999602e+00
2.187000000000000099e+01 1.414400000000000013e+01 -7.147999999999999687e+00
2.214900000000000091e+01 1.533399999999999963e+01 -7.038000000000000256e+00
2.102799999999999869e+01 1.369100000000000072e+01 -8.057000000000000384e+00
2.555900000000000105e+01 1.240700000000000003e+01 -4.368999999999999773e+00
2.605999999999999872e+01 1.187400000000000055e+01 -3.104000000000000092e+00
2.582400000000000162e+01 1.288299999999999912e+01 -1.993999999999999995e+00
2.552299999999999969e+01 1.249200000000000088e+01 -8.790000000000000036e-01
2.755600000000000094e+01 1.156300000000000061e+01 -3.174999999999999822e+00
2.811799999999999855e+01 1.066000000000000014e+01 -4.274000000000000021e+00
2.936799999999999855e+01 9.984999999999999432e+00 -3.799999999999999822e+00
2.711299999999999955e+01 9.648999999999999133e+00 -4.657000000000000028e+00
2.599299999999999855e+01 1.417500000000000071e+01 -2.295999999999999819e+00
2.560300000000000153e+01 1.526699999999999946e+01 -1.391999999999999904e+00
2.452299999999999969e+01 1.612300000000000111e+01 -2.021999999999999797e+00
2.460399999999999920e+01 1.645200000000000173e+01 -3.200000000000000178e+00
2.681400000000000006e+01 1.614799999999999969e+01 -1.032999999999999918e+00
2.778500000000000014e+01 1.547700000000000031e+01 -8.500000000000000611e-02
2.763400000000000034e+01 1.558900000000000041e+01 1.296000000000000041e+00
2.882999999999999829e+01 1.469200000000000017e+01 -5.669999999999999485e-01
2.849599999999999866e+01 1.492600000000000016e+01 2.174999999999999822e+00
2.970499999999999829e+01 1.403200000000000003e+01 3.069999999999999951e-01
2.952599999999999980e+01 1.415700000000000003e+01 1.673999999999999932e+00
3.040500000000000114e+01 1.353500000000000014e+01 2.531000000000000139e+00
2.350799999999999912e+01 1.646699999999999875e+01 -1.235999999999999988e+00
2.234600000000000009e+01 1.719900000000000162e+01 -1.733000000000000096e+00
2.232199999999999918e+01 1.862900000000000134e+01 -1.205999999999999961e+00
2.305000000000000071e+01 1.894399999999999906e+01 -2.819999999999999729e-01
2.106400000000000006e+01 1.646799999999999997e+01 -1.334000000000000075e+00
2.100600000000000023e+01 1.506400000000000006e+01 -1.887000000000000011e+00
1.959799999999999898e+01 1.461299999999999955e+01 -2.141999999999999904e+00
1.961899999999999977e+01 1.343599999999999994e+01 -2.996999999999999886e+00
1.922899999999999920e+01 1.342099999999999937e+01 -4.267999999999999794e+00
1.875799999999999912e+01 1.452299999999999969e+01 -4.836000000000000298e+00
1.940599999999999881e+01 1.232000000000000028e+01 -4.995000000000000107e+00
2.159100000000000108e+01 1.954400000000000048e+01 -1.877000000000000002e+00
2.165200000000000102e+01 2.096000000000000085e+01 -1.495000000000000107e+00
2.119800000000000040e+01 2.118199999999999861e+01 -6.300000000000000044e-02
2.166499999999999915e+01 2.211299999999999955e+01 5.819999999999999618e-01
2.071000000000000085e+01 2.163100000000000023e+01 -2.488999999999999879e+00
2.081400000000000006e+01 2.075799999999999912e+01 -3.685000000000000053e+00
2.083599999999999852e+01 1.936899999999999977e+01 -3.129000000000000004e+00
2.032499999999999929e+01 2.029599999999999937e+01 4.299999999999999933e-01
1.975700000000000145e+01 2.038899999999999935e+01 1.780000000000000027e+00
2.079599999999999937e+01 2.015399999999999991e+01 2.853000000000000203e+00
2.063899999999999935e+01 2.061400000000000077e+01 3.979999999999999982e+00
1.856500000000000128e+01 1.940700000000000003e+01 1.971999999999999975e+00
1.899800000000000111e+01 1.790599999999999881e+01 2.193999999999999950e+00
1.998499999999999943e+01 1.741499999999999915e+01 1.639999999999999902e+00
1.817299999999999827e+01 1.717200000000000060e+01 2.926000000000000156e+00
2.188400000000000034e+01 1.949099999999999966e+01 2.478000000000000203e+00
2.294900000000000162e+01 1.917399999999999949e+01 3.414000000000000146e+00
2.428699999999999903e+01 1.903099999999999881e+01 2.709000000000000075e+00
2.484499999999999886e+01 1.793499999999999872e+01 2.623000000000000220e+00
2.260999999999999943e+01 1.789199999999999946e+01 4.176000000000000156e+00
2.485399999999999920e+01 2.014600000000000080e+01 2.232000000000000206e+00
2.609299999999999997e+01 2.001300000000000168e+01 1.463999999999999968e+00
2.726399999999999935e+01 1.947599999999999909e+01 2.289000000000000146e+00
2.718400000000000105e+01 1.939099999999999824e+01 3.500999999999999890e+00
2.634199999999999875e+01 2.143199999999999861e+01 9.549999999999999600e-01
2.557400000000000162e+01 2.231400000000000006e+01 1.897000000000000020e+00
2.436499999999999844e+01 2.153800000000000026e+01 2.257000000000000117e+00
2.825700000000000145e+01 1.893400000000000105e+01 1.602999999999999980e+00
2.956099999999999994e+01 1.864000000000000057e+01 2.178999999999999826e+00
3.025600000000000023e+01 1.997700000000000031e+01 2.447999999999999954e+00
3.014799999999999969e+01 2.091400000000000148e+01 1.645999999999999908e+00
3.037000000000000099e+01 1.780600000000000094e+01 1.161999999999999922e+00
