-2.555499999999999972e+01 -1.234900000000000020e+01 -2.548199999999999932e+01
-2.441600000000000037e+01 -1.324200000000000088e+01 -2.508099999999999952e+01
-2.314300000000000068e+01 -1.241399999999999970e+01 -2.491900000000000048e+01
-2.279299999999999926e+01 -1.163499999999999979e+01 -2.579899999999999949e+01
-2.419800000000000040e+01 -1.435200000000000031e+01 -2.611899999999999977e+01
-2.369600000000000151e+01 -1.568999999999999950e+01 -2.553900000000000148e+01
-2.482300000000000040e+01 -1.650700000000000145e+01 -2.435900000000000176e+01
-2.363700000000000045e+01 -1.733999999999999986e+01 -2.328000000000000114e+01
-2.245100000000000051e+01 -1.257099999999999973e+01 -2.378800000000000026e+01
-2.132900000000000063e+01 -1.167699999999999960e+01 -2.349699999999999989e+01
-2.016000000000000014e+01 -1.182600000000000051e+01 -2.446999999999999886e+01
-2.006700000000000017e+01 -1.282399999999999984e+01 -2.516900000000000048e+01
-2.092099999999999937e+01 -1.208399999999999963e+01 -2.208200000000000074e+01
-2.143599999999999994e+01 -1.344400000000000084e+01 -2.189399999999999835e+01
-2.266499999999999915e+01 -1.356099999999999994e+01 -2.271900000000000119e+01
-1.931200000000000117e+01 -1.080899999999999928e+01 -2.455799999999999983e+01
-1.799200000000000088e+01 -1.097400000000000020e+01 -2.515700000000000003e+01
-1.719600000000000151e+01 -1.180499999999999972e+01 -2.420200000000000173e+01
-1.751500000000000057e+01 -1.186100000000000065e+01 -2.300499999999999901e+01
-1.728300000000000125e+01 -9.641999999999999460e+00 -2.531800000000000139e+01
-1.787699999999999889e+01 -8.858000000000000540e+00 -2.632100000000000151e+01
-1.612999999999999901e+01 -1.242200000000000060e+01 -2.470400000000000063e+01
-1.523600000000000065e+01 -1.318699999999999939e+01 -2.384100000000000108e+01
-1.387700000000000067e+01 -1.250699999999999967e+01 -2.381099999999999994e+01
-1.336200000000000010e+01 -1.212100000000000044e+01 -2.486799999999999855e+01
-1.508699999999999974e+01 -1.462599999999999945e+01 -2.433099999999999952e+01
-1.639399999999999835e+01 -1.519400000000000084e+01 -2.444399999999999906e+01
-1.425000000000000000e+01 -1.545100000000000051e+01 -2.333899999999999864e+01
-1.334800000000000075e+01 -1.231300000000000061e+01 -2.260200000000000031e+01
-1.196899999999999942e+01 -1.184999999999999964e+01 -2.240700000000000003e+01
-1.114400000000000013e+01 -1.293599999999999994e+01 -2.174699999999999989e+01
-1.134600000000000009e+01 -1.327299999999999969e+01 -2.058099999999999952e+01
-1.191600000000000037e+01 -1.058500000000000085e+01 -2.153800000000000026e+01
-1.051699999999999946e+01 -9.989000000000000767e+00 -2.122299999999999898e+01
-9.810000000000000497e+00 -9.603999999999999204e+00 -2.249699999999999989e+01
-1.062100000000000044e+01 -8.804000000000000270e+00 -2.024399999999999977e+01
-1.017200000000000060e+01 -1.346199999999999974e+01 -2.248499999999999943e+01
-9.249000000000000554e+00 -1.441699999999999982e+01 -2.191100000000000136e+01
-8.051999999999999602e+00 -1.368999999999999950e+01 -2.128699999999999903e+01
-7.480999999999999872e+00 -1.278800000000000026e+01 -2.189499999999999957e+01
-8.803000000000000824e+00 -1.543299999999999983e+01 -2.297800000000000153e+01
-9.962999999999999190e+00 -1.591499999999999915e+01 -2.369000000000000128e+01
-8.080000000000000071e+00 -1.659499999999999886e+01 -2.232499999999999929e+01
-7.698000000000000398e+00 -1.406199999999999939e+01 -2.006299999999999883e+01
-6.546000000000000263e+00 -1.350600000000000023e+01 -1.935500000000000043e+01
-5.604000000000000092e+00 -1.463400000000000034e+01 -1.899500000000000099e+01
-6.035000000000000142e+00 -1.561700000000000088e+01 -1.844699999999999918e+01
-6.961000000000000298e+00 -1.274799999999999933e+01 -1.806400000000000006e+01
-7.907000000000000028e+00 -1.159600000000000009e+01 -1.840700000000000003e+01
-5.745000000000000107e+00 -1.214400000000000013e+01 -1.736700000000000088e+01
-7.179999999999999716e+00 -1.037500000000000000e+01 -1.902599999999999980e+01
-4.314000000000000057e+00 -1.446899999999999942e+01 -1.930399999999999849e+01
-3.297000000000000153e+00 -1.551399999999999935e+01 -1.915099999999999980e+01
-2.463999999999999968e+00 -1.525000000000000000e+01 -1.790200000000000102e+01
-1.780000000000000027e+00 -1.425000000000000000e+01 -1.784100000000000108e+01
-2.391999999999999904e+00 -1.549799999999999933e+01 -2.039099999999999824e+01
-1.310000000000000053e+00 -1.657900000000000063e+01 -2.037600000000000122e+01
-1.129000000000000004e+00 -1.730600000000000094e+01 -1.938899999999999935e+01
-5.809999999999999609e-01 -1.668599999999999994e+01 -2.149099999999999966e+01
-2.500999999999999890e+00 -1.615200000000000102e+01 -1.692000000000000171e+01
-1.750999999999999890e+00 -1.598199999999999932e+01 -1.567200000000000060e+01
-2.540000000000000036e-01 -1.628900000000000148e+01 -1.572799999999999976e+01
4.779999999999999805e-01 -1.603699999999999903e+01 -1.475000000000000000e+01
2.220000000000000029e-01 -1.682999999999999829e+01 -1.685000000000000142e+01
1.663000000000000034e+00 -1.706800000000000139e+01 -1.702400000000000091e+01
2.315999999999999837e+00 -1.608599999999999852e+01 -1.800600000000000023e+01
3.499000000000000110e+00 -1.618799999999999883e+01 -1.828300000000000125e+01
1.929000000000000048e+00 -1.853600000000000136e+01 -1.739399999999999835e+01
2.374000000000000110e+00 -1.939000000000000057e+01 -1.618100000000000094e+01
2.081999999999999851e+00 -2.084600000000000009e+01 -1.637099999999999866e+01
2.319999999999999840e+00 -2.165200000000000102e+01 -1.509500000000000064e+01
1.717999999999999972e+00 -2.303800000000000026e+01 -1.518399999999999928e+01
1.544000000000000039e+00 -1.510999999999999943e+01 -1.848199999999999932e+01
2.065999999999999837e+00 -1.400900000000000034e+01 -1.928000000000000114e+01
3.119000000000000217e+00 -1.327599999999999980e+01 -1.847700000000000031e+01
2.845000000000000195e+00 -1.288000000000000078e+01 -1.735399999999999920e+01
9.509999999999999565e-01 -1.304899999999999949e+01 -1.963299999999999912e+01
4.325999999999999623e+00 -1.306900000000000084e+01 -1.905300000000000082e+01
5.347000000000000419e+00 -1.236200000000000010e+01 -1.827299999999999969e+01
4.988999999999999879e+00 -1.093399999999999928e+01 -1.797400000000000020e+01
5.469999999999999751e+00 -1.039000000000000057e+01 -1.701399999999999935e+01
6.623000000000000220e+00 -1.246400000000000041e+01 -1.912999999999999901e+01
6.174999999999999822e+00 -1.287599999999999945e+01 -2.048300000000000054e+01
4.809999999999999609e+00 -1.350099999999999945e+01 -2.037699999999999889e+01
4.153999999999999915e+00 -1.032399999999999984e+01 -1.879500000000000171e+01
3.556999999999999940e+00 -9.054999999999999716e+00 -1.846699999999999875e+01
2.057999999999999829e+00 -9.291000000000000369e+00 -1.847500000000000142e+01
1.437999999999999945e+00 -9.371999999999999886e+00 -1.953099999999999881e+01
3.930000000000000160e+00 -7.955000000000000071e+00 -1.948600000000000065e+01
5.456000000000000405e+00 -7.926000000000000156e+00 -1.970400000000000063e+01
3.358000000000000096e+00 -6.607000000000000206e+00 -1.904100000000000037e+01
5.884999999999999787e+00 -7.027999999999999581e+00 -2.091199999999999903e+01
1.493000000000000105e+00 -9.410000000000000142e+00 -1.728300000000000125e+01
7.399999999999999634e-02 -9.721999999999999531e+00 -1.707999999999999829e+01
-8.299999999999999600e-01 -8.580999999999999517e+00 -1.754899999999999949e+01
-5.240000000000000213e-01 -7.394999999999999574e+00 -1.732300000000000040e+01
-1.660000000000000087e-01 -1.006300000000000061e+01 -1.557499999999999929e+01
-1.677000000000000046e+00 -1.024399999999999977e+01 -1.526500000000000057e+01
6.350000000000000089e-01 -1.131600000000000072e+01 -1.518500000000000050e+01
-1.931000000000000050e+00 -8.949999999999999289e+00 -1.820299999999999940e+01
