-3.171099999999999852e+01 1.024999999999999911e+00 4.559300000000000352e+01
-3.203000000000000114e+01 -4.069999999999999729e-01 4.548899999999999721e+01
-3.327400000000000091e+01 -4.789999999999999813e-01 4.457699999999999818e+01
-3.436500000000000199e+01 -3.799999999999999906e-02 4.502600000000000335e+01
-3.219899999999999807e+01 -1.100999999999999979e+00 4.679399999999999693e+01
-3.104500000000000171e+01 -1.014999999999999902e+00 4.773499999999999943e+01
-3.285300000000000153e+01 -2.468999999999999861e+00 4.671099999999999852e+01
-2.964000000000000057e+01 -1.574999999999999956e+00 4.741100000000000136e+01
-3.303300000000000125e+01 -1.072999999999999954e+00 4.342900000000000205e+01
-3.413700000000000045e+01 -1.306000000000000050e+00 4.246900000000000119e+01
-3.463199999999999790e+01 -2.734999999999999876e+00 4.277400000000000091e+01
-3.386299999999999955e+01 -3.766999999999999904e+00 4.288100000000000023e+01
-3.359899999999999665e+01 -1.018000000000000016e+00 4.105499999999999972e+01
-3.473400000000000176e+01 -1.370000000000000107e+00 4.000600000000000023e+01
-3.305899999999999750e+01 3.390000000000000235e-01 4.073700000000000188e+01
-3.591400000000000148e+01 -2.912999999999999812e+00 4.292900000000000205e+01
-3.644800000000000040e+01 -4.253999999999999559e+00 4.313300000000000267e+01
-3.623899999999999721e+01 -4.956999999999999851e+00 4.444899999999999807e+01
-3.653300000000000125e+01 -6.214999999999999858e+00 4.449000000000000199e+01
-3.590899999999999892e+01 -4.254999999999999893e+00 4.553099999999999881e+01
-3.567699999999999960e+01 -4.956000000000000405e+00 4.683700000000000330e+01
-3.695700000000000074e+01 -4.767999999999999794e+00 4.764699999999999847e+01
-3.805199999999999960e+01 -4.615999999999999659e+00 4.709400000000000119e+01
-3.681900000000000261e+01 -4.641000000000000014e+00 4.894700000000000273e+01
-3.792399999999999949e+01 -4.365000000000000213e+00 4.984499999999999886e+01
-3.741899999999999693e+01 -3.416999999999999815e+00 5.092999999999999972e+01
-3.621600000000000108e+01 -3.307999999999999829e+00 5.112800000000000011e+01
-3.837899999999999778e+01 -5.679999999999999716e+00 5.046399999999999864e+01
-3.723299999999999699e+01 -6.509999999999999787e+00 5.101899999999999835e+01
-3.701400000000000290e+01 -6.503999999999999559e+00 5.242199999999999704e+01
-3.640500000000000114e+01 -7.216000000000000192e+00 5.014800000000000324e+01
-3.591700000000000159e+01 -7.179999999999999716e+00 5.292399999999999949e+01
-3.536099999999999710e+01 -7.996999999999999886e+00 5.064900000000000091e+01
-3.513799999999999812e+01 -7.945000000000000284e+00 5.203399999999999892e+01
-3.402900000000000347e+01 -8.621000000000000441e+00 5.248299999999999699e+01
-3.834499999999999886e+01 -2.911000000000000032e+00 5.168099999999999739e+01
-3.812299999999999756e+01 -2.028000000000000025e+00 5.282399999999999807e+01
-3.761099999999999710e+01 -2.967999999999999972e+00 5.391400000000000148e+01
-3.828300000000000125e+01 -3.975000000000000089e+00 5.420900000000000318e+01
-3.939500000000000313e+01 -1.284000000000000030e+00 5.325099999999999767e+01
-3.958100000000000307e+01 -3.529999999999999805e-01 5.217499999999999716e+01
-3.926599999999999824e+01 -4.440000000000000058e-01 5.451899999999999835e+01
-3.644200000000000017e+01 -2.564000000000000057e+00 5.437500000000000000e+01
-3.578900000000000148e+01 -3.327999999999999847e+00 5.546200000000000330e+01
-3.664800000000000324e+01 -3.193999999999999950e+00 5.673400000000000176e+01
-3.722800000000000153e+01 -2.128000000000000114e+00 5.700200000000000244e+01
-3.442199999999999704e+01 -2.680000000000000160e+00 5.571500000000000341e+01
-3.321300000000000097e+01 -2.677999999999999936e+00 5.439300000000000068e+01
-3.668200000000000216e+01 -4.235999999999999766e+00 5.750300000000000011e+01
-3.740500000000000114e+01 -4.150000000000000355e+00 5.881600000000000250e+01
-3.656199999999999761e+01 -3.145999999999999908e+00 5.964500000000000313e+01
-3.532000000000000028e+01 -3.166999999999999815e+00 5.961800000000000210e+01
-3.745600000000000307e+01 -5.562999999999999723e+00 5.938600000000000279e+01
-3.780700000000000216e+01 -5.746999999999999886e+00 6.079899999999999949e+01
-3.778999999999999915e+01 -6.998999999999999666e+00 6.157999999999999829e+01
-3.817199999999999704e+01 -6.953000000000000291e+00 6.278300000000000125e+01
-3.738100000000000023e+01 -8.179999999999999716e+00 6.104899999999999949e+01
-3.721000000000000085e+01 -2.240000000000000213e+00 6.035799999999999699e+01
-3.657999999999999829e+01 -1.229000000000000092e+00 6.111500000000000199e+01
-3.543500000000000227e+01 -1.584000000000000075e+00 6.200999999999999801e+01
-3.546800000000000352e+01 -2.531000000000000139e+00 6.282099999999999795e+01
-3.720799999999999841e+01 -1.299999999999999940e-02 6.155899999999999750e+01
-3.845000000000000284e+01 1.160000000000000059e-01 6.229099999999999682e+01
-3.872299999999999898e+01 1.379000000000000004e+00 6.303499999999999659e+01
-3.970199999999999818e+01 1.270000000000000018e+00 6.381700000000000017e+01
-3.799000000000000199e+01 2.451000000000000068e+00 6.281300000000000239e+01
-3.436599999999999966e+01 -8.139999999999999458e-01 6.181700000000000017e+01
-3.311800000000000210e+01 -1.014999999999999902e+00 6.257699999999999818e+01
-3.259400000000000119e+01 -2.427999999999999936e+00 6.241599999999999682e+01
-3.194999999999999929e+01 -2.854000000000000092e+00 6.336899999999999977e+01
-3.317600000000000193e+01 -4.259999999999999898e-01 6.394299999999999784e+01
-3.367300000000000182e+01 1.012999999999999901e+00 6.404200000000000159e+01
-3.310799999999999699e+01 1.987999999999999989e+00 6.344200000000000017e+01
-3.473899999999999721e+01 1.030000000000000027e+00 6.485699999999999932e+01
-3.289200000000000301e+01 -3.080999999999999961e+00 6.127600000000000335e+01
-3.242699999999999960e+01 -4.469999999999999751e+00 6.103099999999999881e+01
-3.109700000000000131e+01 -4.560999999999999943e+00 6.031400000000000006e+01
-3.057100000000000151e+01 -5.649000000000000021e+00 5.995400000000000063e+01
-3.351200000000000045e+01 -5.238000000000000433e+00 6.025200000000000244e+01
-3.354999999999999716e+01 -4.932999999999999829e+00 5.885499999999999687e+01
-3.047299999999999898e+01 -3.435000000000000053e+00 5.992099999999999937e+01
-2.910900000000000176e+01 -3.475999999999999979e+00 5.927400000000000091e+01
-2.842800000000000082e+01 -2.387000000000000011e+00 6.007200000000000273e+01
-2.815099999999999980e+01 -1.292000000000000037e+00 5.949099999999999966e+01
-2.926099999999999923e+01 -3.262000000000000011e+00 5.777000000000000313e+01
-2.800600000000000023e+01 -3.326999999999999957e+00 5.695300000000000296e+01
-3.037699999999999889e+01 -3.648000000000000131e+00 5.693900000000000006e+01
-2.817800000000000082e+01 -2.629999999999999893e+00 6.135300000000000153e+01
-2.760200000000000031e+01 -1.717000000000000082e+00 6.235099999999999909e+01
-2.629100000000000037e+01 -1.048999999999999932e+00 6.197099999999999653e+01
-2.593700000000000117e+01 1.049999999999999961e-01 6.235300000000000153e+01
-2.747400000000000020e+01 -2.543000000000000149e+00 6.364800000000000324e+01
-2.747599999999999909e+01 -3.983000000000000096e+00 6.313000000000000256e+01
-2.848499999999999943e+01 -3.943999999999999950e+00 6.204800000000000182e+01
-2.556800000000000139e+01 -1.723000000000000087e+00 6.111999999999999744e+01
-2.424800000000000111e+01 -1.243000000000000105e+00 6.067000000000000171e+01
-2.433599999999999852e+01 -3.400000000000000244e-01 5.947599999999999909e+01
-2.326300000000000168e+01 7.900000000000000078e-02 5.902199999999999847e+01
-2.340500000000000114e+01 -2.487000000000000099e+00 6.044800000000000040e+01
-2.411199999999999832e+01 -3.430000000000000160e+00 5.941299999999999670e+01
